1916 10456
8834 13473
14378 17336
1553 34628
16871 24862
19708 12433
45136 1772
36178 29540
37974 30355
12180 13215
17167 1551
48383 31392
10421 5254
29500 15609
5498 30214
32019 19332
2067 9883
17670 45882
15558 17795
21149 18110
12711 13055
41421 15239
10094 9780
15038 33786
22062 14443
965 36157
9918 16887
10920 15583
11333 13960
9773 18991
22451 15731
38942 12457
12190 21209
4443 11830
24707 16109
13211 23293
12448 2393
8903 11934
40699 4487
8241 2749
31912 14677
15421 35253
23996 447
5807 2011
30460 6729
33672 17987
1819 29552
3145 18187
11014 6207
28117 23797
14102 6820
6176 23302
20095 22477
40683 2483
272 26185
6019 18207
16512 43379
6897 699
23881 3367
21994 29146
5028 3390
12677 25685
509 30172
24582 10395
616 6733
6624 2866
5799 4717
9657 24002
22121 25046
25976 1268
31803 21583
22900 7590
3300 2572
12207 8035
24877 25377
5839 37339
34893 3234
17580 20257
19191 243
305 9725
14770 6726
16348 9181
7500 15193
41381 8655
64889 44405
6074 8531
22226 15115
32546 5922
8216 16279
562 9094
25282 51292
33443 11712
16498 26297
14279 6059
2137 8246
12446 21206
8983 9025
26124 1879
2536 10630
213 46777
25153 1382
36311 13927
16233 3760
225 9010
15798 5585
29862 50906
1907 15444
5306 9656
12287 12848
3443 8329
45060 14705
5824 6117
28886 6040
13141 1468
6180 5444
26285 47105
1793 16823
6524 12200
8054 19448
12378 3714
19113 14221
28560 3005
16291 818
14276 28908
9159 10196
16214 13297
44066 17580
2187 15558
35601 9080
27038 7778
14709 14364
4601 16209
15912 26084
37209 3590
36180 13275
18606 25336
25234 18716
18973 15677
24289 5225
37806 6439
11565 22
9446 1788
14133 23624
39516 19749
19763 15464
4568 9940
36963 7745
8776 12239
7461 25170
29037 10469
10212 17680
10735 45379
11521 2335
1287 429
21017 3701
9251 28178
20891 23595
32153 15813
7705 246
22149 35027
6958 28496
17312 3094
20675 12271
10395 10340
2722 2573
6820 1007
435 26095
7688 57239
34873 30843
8664 38921
21416 3887
6441 10694
27258 31312
5405 24077
28640 20411
8418 21721
29816 16519
16221 5276
11975 12635
28037 4473
26053 25338
44240 46752
16391 17924
10912 18322
29650 37024
5430 28394
36124 17522
105 25342
15056 19444
8649 26891
12550 27359
30389 17376
30995 24405
8889 13262
25215 15680
2223 5652
11484 15625
7023 34686
776 43120
27069 15012
1178 7691
6196 5250
14107 34136
3466 22849
8998 32996
17907 19609
22209 14854
13421 16122
22377 8444
25848 2131
41969 8110
15574 23234
9343 16277
6372 1309
10636 29824
12584 43203
18803 7025
18879 1461
15043 600
33752 14828
17982 27959
28683 2593
4213 19763
20376 21665
45537 14043
15961 25995
2685 25167
7958 36351
7496 3430
8405 7159
7776 17051
49475 15852
14114 8079
52935 3036
34411 5035
10666 10748
12911 11285
1496 25390
11630 366
10544 35655
7907 15840
7147 53265
16133 791
12903 29537
3125 10306
17130 153
23206 422
33714 25105
7696 8939
7522 27467
32137 8469
6695 12183
43669 31379
27362 7496
3962 11646
38962 9385
10455 16412
6957 36191
24972 16475
11303 25705
4260 31048
23861 1398
17707 3731
32694 47406
15708 8898
21345 29344
24962 23966
15242 28630
19559 41225
13436 501
25833 13265
30601 34432
12765 11239
25405 14439
6364 2817
15327 13120
2015 21846
19418 8520
35533 41786
41660 9396
16419 36251
7488 38404
5182 2104
11547 17813
5453 8514
32082 956
28202 14400
307 34141
5623 4211
10840 20134
8251 10867
31665 11534
8064 4249
14925 29845
17363 26021
29336 7296
17485 12376
14909 10034
27765 483
19070 51283
34091 3569
137 2008
2403 22421
16591 14420
2728 5316
1518 27478
8123 10475
8228 50633
4205 26961
6387 25753
9217 26033
9264 21234
1951 13406
8037 25068
14052 21003
2547 19979
13627 26938
16325 11077
2974 25034
44837 22277
4178 22697
16660 15737
4689 27858
11424 4459
23061 24555
13174 155
5800 3703
1344 14042
15134 38936
13493 42215
33822 14475
3447 1662
35091 1724
50366 14589
1357 12538
4697 18778
2818 27362
10788 17359
52851 11118
11089 31011
1137 19893
6503 11485
48159 10354
7062 46112
30559 28656
17543 9697
15059 30471
20027 9119
25187 41593
16833 27842
19023 8992
21286 27964
13296 13630
754 9429
5389 19418
22678 6294
45962 11681
13097 16891
22623 17552
4088 7506
7327 16915
29318 22163
12053 19757
1173 25518
5655 14246
241 33740
13010 11023
2492 5482
23972 4066
9624 20048
22662 19038
56479 24723
25997 6647
15850 33300
19618 25876
15058 8217
59819 12650
10367 24348
17695 22186
20575 3333
21380 14410
524 14466
10569 29489
7275 41509
24230 14119
19574 28787
3099 42374
5869 11952
1761 47306
7575 12014
21683 35966
15415 13319
5338 11857
25744 9623
3065 1889
11780 17394
6610 21945
708 16234
6637 32175
30411 37246
3715 9554
51312 34357
28928 27190
1512 22987
972 21796
3416 3722
15107 25807
31673 8452
34995 25783
33737 4032
37 16710
12054 10428
1554 17699
13870 12558
12714 177
4572 11085
9160 3384
2333 29308
19509 12371
10460 2282
8783 24366
28545 13411
35472 10050
35604 6060
19078 31327
8218 40767
1873 27607
29546 20339
12027 16921
21673 16176
29631 30539
30000 6412
30629 28333
24512 19088
4172 17962
15223 19151
8841 6620
6615 17946
22499 4541
9001 26843
20895 8466
626 30386
7049 4625
6531 2394
6669 13803
16735 49611
19014 9046
6747 2022
2315 27626
18162 35980
16227 13189
14764 29967
2050 25819
6551 2542
7055 29316
820 4553
310 45190
27071 2021
3694 21258
5266 19604
20197 8481
14040 8957
22061 1258
4646 34693
5441 20408
44394 16974
24746 2163
11769 17832
41896 8764
16696 19684
27884 6009
4776 958
18241 17657
14271 22255
19661 7652
594 48402
11153 34309
14638 12611
48463 3110
39612 31603
24680 12252
22908 5078
10602 36129
11408 36774
11514 7537
7986 46178
28597 23913
2673 20540
7162 16618
24278 11187
24353 33705
343 16979
10515 7634
33713 12484
26798 7903
10866 25147
5534 2195
31874 38047
33022 4475
37282 1840
6858 4412
11859 10241
804 21506
8973 11384
16147 28683
27021 33084
7756 17933
6528 17756
23551 10511
11915 25969
44145 13203
5396 32985
12450 15042
4886 583
7307 24193
8393 43856
10091 21664
21669 16080
18660 8036
16068 6172
1614 48354
21142 8974
6024 2278
22353 28056
39382 18726
21443 16919
6406 13223
30706 1550
1702 1552
5436 14782
20464 20941
40565 22165
23082 879
8775 21528
29681 2702
23171 6272
10583 8002
40841 11196
10175 5724
11898 23783
31894 37596
5348 19618
5731 23462
21665 28882
40206 25061
1082 10321
18178 6322
10923 13170
5598 24428
11889 927
21604 37290
12385 5148
4753 8259
42350 853
10230 5357
20809 42667
3501 4560
24706 15307
37982 10406
3965 24971
12504 7769
9994 17794
19327 36158
43524 10737
15087 6779
14117 365
19254 1918
29425 18172
4254 13204
3563 25925
10562 13303
9921 4888
19501 23444
4666 40473
21542 9507
23688 2096
14092 2299
40093 10054
3176 19157
5798 26138
7622 20730
15282 23752
3026 1319
17742 4823
40653 36352
236 32592
28901 2536
6744 650
10393 8130
12344 13860
29054 42862
21029 36827
20383 5849
6274 16022
838 16711
10253 34508
596 9250
51498 29324
35953 14247
660 13131
4428 6242
3557 27459
18575 10852
27896 11396
3770 19129
13717 15313
24116 21103
35288 42974
9042 14524
33545 2610
17509 19864
8785 10318
2551 12162
7375 10609
25728 19829
28307 16492
19849 23356
18694 37583
1852 23906
14799 33691
24248 18691
13985 8167
1935 7034
20050 11137
11631 15781
7635 36649
12032 4516
14929 3806
17082 8383
29474 20926
20149 10719
30993 20727
28283 5578
27433 14147
2884 21967
4004 12735
15446 12353
19344 38444
24755 7633
17815 38997
11776 5418
13324 1790
14938 37723
47905 12892
34202 1502
43162 36203
25662 30404
23800 3594
35401 15054
8456 733
14717 37603
42441 5589
13270 7208
11348 32938
12366 30388
43712 75
31208 18579
15135 4916
10029 27097
25014 11141
26743 14232
4735 40573
35027 3091
2110 22211
1590 28623
29218 19976
24285 9673
7053 2265
10736 3504
17500 18141
11332 3923
28084 3459
35110 10805
24664 36557
300 7667
22481 10800
86 6454
26345 11221
20797 50458
20239 9258
17615 4607
28520 24315
16763 28605
6219 17277
22219 5584
13593 34484
34300 3285
33408 2455
6559 56
7088 4754
33801 611
31954 148
3525 9007
38906 6319
521 16885
20757 25210
22926 15279
5318 3150
35082 23580
9569 6452
27416 30825
27201 11819
13029 35338
34050 39739
8479 748
27263 4476
14297 3911
20062 4932
39124 27531
10285 5207
10085 47720
4419 12638
24134 4192
2841 10452
25111 32279
20064 3251
13147 1261
6097 35755
24320 28918
22464 17922
24734 9766
21002 2503
2376 24509
437 28916
13557 6516
790 31199
48677 12359
14532 6713
46200 6765
22063 24232
30664 10701
19448 14599
3272 20960
21376 10673
18013 5009
4268 26137
31197 17679
7136 23678
1784 33097
18494 13902
12579 1972
23102 19401
12341 786
22984 27739
11087 23118
5095 13089
7134 848
5649 25356
8842 9878
10226 34670
11393 2416
10891 56114
1624 21961
5451 2288
17316 13635
12694 4631
27310 23015
8953 2992
7697 724
23934 15474
1798 4779
6041 11376
22394 6159
16991 14091
1464 710
21671 9996
10896 12764
3955 24355
6660 28559
21560 12526
3306 3851
18094 3214
24368 1344
24073 11264
11608 11310
25498 5698
16386 1476
5785 13550
5600 3021
243 22254
1808 1608
5953 25817
14273 16646
38541 19680
16377 11007
38873 23122
7081 647
4677 12185
22143 17583
25397 22268
34197 15822
40607 24117
39813 3614
25279 7266
38889 4652
2012 6560
38188 15924
18706 9679
35239 529
15326 37072
50 29204
7810 27630
33927 1248
299 15118
7065 25895
8249 21803
19500 20489
33982 35648
26210 20402
15280 32050
11183 5525
16692 4937
10124 2946
10016 14527
22769 24225
3159 28248
26519 26430
33234 11139
24026 12445
28583 3611
16870 6470
22039 33983
15549 1501
6080 5749
28613 6597
33511 29122
13590 2331
15393 4986
32330 42637
7991 5099
2092 9948
24283 31644
19694 19056
13723 10561
3668 41209
7195 20187
52043 8186
47233 31506
21569 13542
31531 4989
4456 7335
21272 20651
26022 36638
19069 33870
32106 15458
9493 31478
2909 52694
62919 31438
44127 5611
10618 30129
26252 6441
12145 12951
160 42050
13687 31917
2276 11235
2538 4381
7332 1729
4702 14848
16478 27702
2080 32647
22739 33033
9152 17761
12350 27451
5380 24602
22708 25344
7424 8312
19962 14577
18470 1975
13074 41091
2142 21598
21758 8098
20158 12431
10758 20544
389 35419
16034 23838
8675 4893
19682 16836
2730 7181
25999 11349
5093 26995
1229 8548
8302 29648
24448 25826
15655 20387
11197 42266
41219 7299
164 10112
4175 31712
4562 12391
2711 12564
7694 17910
45183 7586
9375 4152
2365 3725
11163 31812
7934 5799
4922 11763
9586 17337
11505 10313
4708 5865
12003 32511
9810 13880
20497 26574
19493 28662
17359 7110
10556 21576
19049 49669
1665 13684
9963 10679
39474 44199
19761 6498
10968 30824
25340 14213
3488 25581
3580 32613
18552 22190
1562 7118
987 6827
5690 17202
21906 16410
40681 578
20257 34567
5290 3718
28507 6461
36928 17245
21846 28612
3929 2388
9593 27383
4399 42137
9498 12556
24354 2955
5079 6440
7340 34049
37250 20137
10031 3960
17105 43845
9116 6105
42693 9316
17223 20191
20685 9798
516 11296
17254 3664
10588 16299
8081 14144
1197 32601
16087 12704
18850 8412
4683 32980
11313 28790
15474 21631
25645 85
24716 5629
27334 24072
3044 3125
12908 12180
26977 6835
11893 14123
52319 523
26446 16843
3343 31819
430 40852
15153 9282
43931 4894
19090 22639
750 9052
43486 41853
11273 11122
32183 30833
30988 10952
1505 24494
38917 8706
11387 2532
5289 3665
2239 7744
34450 9704
7057 24571
36386 19761
9649 8869
18514 3087
10489 2244
1653 12699
10115 18343
11422 23667
34181 22360
10431 5872
30614 41288
27377 31664
42324 31
6643 6722
16349 5936
15019 14386
5911 19526
23877 4131
33979 22804
13759 6707
29878 2690
4533 9177
14987 15860
26924 15129
2086 5884
16338 22067
26282 19630
19208 25799
6761 12339
52877 532
23141 11558
25644 16233
22586 841
10664 10304
21962 4837
12934 16850
37219 12765
24088 3137
25991 16471
4350 22662
26003 11794
11748 14083
8169 26859
21321 473
31962 14349
18008 39140
9816 18940
18126 1291
9303 2546
21568 12202
16502 62
12060 12368
23200 23301
14258 44252
23782 5474
19097 4364
42488 16981
5603 13998
737 30748
26025 38071
9691 12777
29942 12267
16429 32102
3888 5279
425 21196
4616 35848
6247 16484
31232 18149
15484 33220
3019 3371
1337 30178
21442 6298
10934 38474
4820 23376
11420 31580
17282 10389
4135 5520
9172 1051
3574 29282
21216 18930
11550 1262
5221 14808
14940 239
16039 17474
16785 4778
18930 4299
20222 12897
1596 25211
17068 30604
12394 17079
18526 36439
12645 13942
22590 10228
25277 18773
13183 12363
26518 10047
1483 24843
20329 10851
39185 2464
4108 10712
16341 8266
6423 29390
80 25152
24496 12782
21704 6956
13355 14444
27122 6753
35297 24762
9962 14209
32707 14964
15324 10965
18661 13522
3142 2529
28662 8518
13055 2950
1848 11627
5974 25043
11081 1263
3456 20167
6515 10473
52 9084
11724 1626
2533 11281
14381 51
12541 21697
41447 17783
24407 30173
34350 13351
8623 5529
16559 15339
26043 9389
25448 12300
3371 3709
6597 3124
382 2731
23855 7247
5273 7560
10793 42389
6863 20900
32342 10425
11379 8694
10655 47894
51590 14777
3885 9331
17761 12545
34015 6248
48809 17681
28350 27535
37225 37740
21548 51646
42351 2319
40638 48985
1820 2645
12345 25153
8813 7897
57231 2264
30234 19930
9697 2337
3034 10214
11649 7167
13548 7918
18365 31024
10192 40280
30613 13504
18343 3620
3240 5168
43201 7843
10081 9009
24585 22170
14847 25460
37154 23857
1498 16388
6357 21320
21449 21360
43310 27965
21284 5191
7391 41045
15551 8745
22216 26603
12966 21601
4830 10163
9937 10912
16185 10497
49662 8482
11980 11305
45137 28672
3241 7858
9358 47696
8628 41275
19235 10140
5930 29377
16617 14714
7653 15265
23768 7443
14063 11441
8043 13689
956 1836
27482 19571
13063 32624
4050 1269
5153 6690
35400 28482
6854 26918
653 20738
9732 16606
2822 23955
20289 27335
3743 20468
43142 20559
19342 6675
35122 16574
11525 23806
4671 18072
36770 2587
7084 7927
25420 15260
24532 3058
17083 35122
46984 28065
4346 12348
7637 933
2890 19275
9862 19845
4657 43179
30853 15523
21298 328
19348 3346
29361 20435
18130 55079
23291 1280
4065 11044
16687 16972
488 22191
12137 22261
4769 15166
15137 8364
4987 12215
7578 54650
16643 2785
12737 8811
19399 23066
37434 12428
31587 22904
36015 60242
15426 11626
8887 15116
619 1148
20583 2190
16254 19516
4713 17189
17503 899
23601 30523
20953 7432
4353 5121
10494 4141
13796 19006
42382 16641
3702 47256
5489 5879
21492 17352
2351 15403
11644 42356
29597 10461
18666 41734
48147 16664
16395 43620
36090 59792
4621 4042
11801 719
6311 15226
15791 22512
37634 12896
30186 12866
17708 10181
35754 22345
30540 174
2014 22993
7064 1960
18201 11659
11829 20384
6350 38201
3583 19392
19784 15194
5696 5293
11645 34085
6047 13108
13594 7205
16600 10407
28637 30980
4073 37320
25748 17230
11594 10935
58967 38473
33415 42605
10619 24263
14626 21935
4918 5004
14259 20314
6819 27078
1410 2912
27791 22893
16105 9209
3560 42399
27716 2430
12129 14962
9893 27763
9868 6403
19338 8794
40980 5354
15384 18727
19322 27044
471 4218
7370 8612
181 6318
46700 2292
234 11675
34570 27442
18610 17593
9403 3687
24328 21366
17262 28721
40309 21370
756 20127
5239 26917
3568 4740
8225 10320
2191 29903
23674 18266
8849 16397
44707 35006
8308 40032
6223 23287
8076 12837
52700 16303
40257 10654
4045 11995
28873 16989
12932 7963
20330 27943
6599 2031
19635 7971
12402 18145
33210 6916
3212 13494
6763 45589
13159 34668
51178 41160
14653 2480
1095 32066
13662 7882
32794 6807
9906 30551
33441 25946
18955 24123
8202 13962
10770 5517
12986 15082
11719 18125
2288 27593
4174 23274
19777 6244
25895 8995
23009 4170
30630 15994
39258 27275
9401 33809
45491 19928
9947 6767
21500 20104
4228 21468
4586 41467
16927 46671
9150 34144
14109 37145
8790 15802
8969 23399
17658 8658
8233 7527
1867 4511
16045 21380
41585 2603
48180 3860
14875 55119
74 11610
19676 27707
26991 2798
35926 22027
35036 26407
11997 29500
15017 19236
46624 13337
22873 3145
24887 2666
12883 8773
2175 12049
5903 37845
22044 28851
797 443
43808 15192
6324 32178
14535 1196
14837 38061
27843 10061
4516 1177
41696 20633
16914 14403
3834 5980
2331 39571
23627 34385
18143 42895
25543 30363
4880 18049
35896 27703
35041 1749
10502 40752
21833 33745
13113 20583
15824 17130
27742 18571
20067 7631
5949 7453
35835 9680
31120 5770
9226 29431
8703 42328
10131 24017
443 10004
5912 107
13893 18696
42143 16993
14434 59288
11798 17645
17099 2596
12069 37346
2575 11709
23272 943
11140 10780
835 7671
4474 3508
22154 7681
11184 34242
11585 22094
2432 20717
26019 15500
1055 281
17337 18020
10491 24695
17340 7484
3610 36318
45662 20010
7864 9303
21444 22259
10978 507
3773 6292
8317 32253
32198 43276
23750 16876
7745 1618
14874 10981
19859 3699
2343 23553
14162 22491
10638 17698
8580 12273
25603 8892
8023 17237
27719 22843
20055 8875
20779 29088
24012 29998
9323 31452
376 9274
4370 21112
44198 35933
21790 26977
28154 11429
1694 22687
4841 10502
52207 13793
3350 15423
20233 15819
8385 9065
16779 1068
19664 34314
3238 48598
46260 29609
25947 24110
34381 19962
13992 26983
38801 13517
21251 17801
24366 1566
26359 21128
25229 8275
5678 25333
38236 8886
21631 22096
11826 33612
2535 9425
5710 45087
20170 8725
23507 14046
14044 8813
41615 8447
5504 10637
14402 18245
30650 5807
38112 19225
2609 3442
16356 458
22648 11393
13665 2309
20663 31586
6342 23626
29802 44758
36416 26944
38775 5494
14637 30136
40728 5192
9967 22540
20068 29059
3600 22387
13537 17416
11543 17604
12972 38469
9753 18024
4079 4810
21021 21732
15387 5916
8992 16195
1064 6982
8325 1270
2881 11374
2056 26598
17583 5572
18645 5396
650 1395
14293 24770
8970 15877
7801 15898
669 19339
23696 10136
26878 13059
5502 16444
5841 15149
13416 10620
10991 20594
13670 30610
21956 14448
3992 21750
12157 3223
1449 37497
2821 7877
44434 10750
14251 33173
28870 7147
4645 35913
10205 10319
16200 28050
30197 276
5045 26158
9634 1534
17672 37550
13338 20516
15505 20983
27047 6374
331 9073
447 14787
11940 15511
28409 29444
27832 20460
18728 29652
22231 11054
5583 21984
8761 762
56807 26356
12141 24121
18253 40755
544 22169
40144 23636
34928 14516
6383 20226
9613 35329
3283 28036
4234 43034
1663 2462
27655 13485
13202 16920
6609 17624
9342 8675
35030 26129
22010 5257
5762 38311
24775 48192
6361 41914
462 40662
49315 41230
18999 20465
4595 4990
7771 20551
15934 1496
8098 31153
387 24578
15180 12717
22035 1157
1220 14449
6430 24878
5928 3303
10269 293
27184 7459
9645 4334
9487 1102
28573 1919
14390 4147
13601 20691
2069 18361
12533 22703
14313 35207
31025 7128
2241 15663
22949 302
354 31034
9719 18075
7720 8056
24565 9426
28083 34718
10197 3575
30477 24929
6227 9569
43984 6627
3367 45917
27878 25188
21102 2259
15010 8634
12749 7552
10264 7727
8502 31477
12914 23620
30164 25584
11483 25148
22032 23628
22851 48106
17314 1832
32223 9262
23983 2870
6623 39496
31084 22844
44895 15386
4691 16452
534 42305
2519 9778
20763 30177
27767 24684
24110 31290
3281 16653
8348 5461
30 3561
25228 3299
13079 12383
179 9434
12105 18753
22955 16071
34988 15347
31265 14521
13689 3906
22083 3827
47166 14423
12325 5492
34892 11004
20681 39527
2409 8872
6365 23006
763 32572
16066 22401
115 1601
20196 2557
159 25387
7290 34246
7693 33438
24193 10937
30903 11868
19560 1862
26825 4612
10527 6043
43944 15120
4039 562
3887 11699
10983 8856
24375 16698
35452 26270
1460 40055
13234 11026
25273 8274
12928 15796
34942 6201
2497 43708
13499 1594
17684 28329
4762 16068
9472 4882
32873 17830
10450 35411
57318 23080
61794 18678
13774 22444
11121 43798
16697 22732
2804 7440
8856 2134
37003 31338
7240 1544
280 50075
1334 18910
8643 26134
52641 14233
11858 24728
11899 5062
9812 12132
47676 24923
33016 29411
7748 21716
2159 11436
18821 22805
17101 57315
26611 33938
26794 20377
11640 22403
12334 23161
1695 33038
4998 13834
28415 39914
23660 39601
18495 15891
30642 22541
10451 3345
26185 32226
13291 11961
10513 30719
27149 36794
15693 8982
5712 23089
12099 31572
46871 3410
2814 31719
22606 2961
16257 2516
50859 32125
41273 19492
10042 1375
28290 39604
12291 10659
13490 9471
27497 6463
26835 11932
9954 21045
14895 7290
18887 7773
19604 21915
5863 43621
9268 3900
15122 1554
48149 30649
17610 27596
1468 6540
5802 27065
7558 6000
8161 28823
27871 160
2885 30633
7014 12539
49800 27470
26801 1210
28765 38676
14646 24530
26754 12338
13959 8425
22960 33405
41396 28297
16651 15959
29897 18436
1241 27336
8342 9982
45294 19813
14124 25717
17685 23069
11511 14720
50140 9964
19072 110
26923 430
2471 9048
1038 12121
7127 8043
6672 30614
20593 32446
19715 31617
14408 591
10287 29695
9458 17303
18852 15341
14600 2561
18459 22717
8843 47660
16021 25706
27588 8393
24891 3586
21161 20790
17545 26847
1818 11466
11902 32412
1275 29051
52144 1597
7590 18430
14253 13528
65676 7257
26392 46624
29234 24620
3363 27869
1377 22847
20221 47047
11914 21645
32889 4491
31711 10072
567 44852
20587 2753
10086 6868
32698 2875
11650 9846
661 13226
26546 28165
30391 40550
9059 14478
35002 48358
5472 5365
23363 19870
28185 25987
11943 13147
8655 1355
45608 12047
48081 20841
18990 10790
10704 6809
24113 2761
20988 19871
22602 15956
17723 15088
44533 27240
39596 34995
25433 14094
8000 8203
3379 17671
1709 34327
32402 38683
17835 19424
10794 10177
22071 11181
5184 42430
12667 19070
15572 33584
26111 280
18942 19093
2060 3727
10599 11119
35108 12642
35767 16153
22245 30440
4173 12380
5968 4215
12973 17998
13399 14816
19506 9257
16665 7063
14414 1240
7718 13088
43980 3278
34701 6096
15918 5149
6675 10147
1393 9086
341 38784
24446 21107
11168 44821
6797 19082
36848 35507
15219 14937
34253 7833
1797 43968
28113 10606
9795 4416
23189 2757
30320 19047
35326 6464
15964 36708
6772 22560
5995 4279
25097 1744
15184 15550
9176 24681
19146 14990
17271 29127
3323 58456
15252 37832
28351 7426
8030 18205
8203 5059
4487 27727
29093 5934
18444 12790
16640 7441
10203 16116
1296 9246
22013 14138
15309 5134
14544 20716
12242 20939
27810 8316
21770 20524
11823 35973
23295 6764
25694 4537
3387 19915
27221 17259
13084 20038
8240 20704
1146 23029
27139 6491
6634 7864
1854 23002
3810 672
39769 17747
4248 26512
3250 20822
17323 20580
16290 37395
6050 20146
20314 6480
39692 41700
6922 4084
146 20454
18044 14835
25684 5676
30407 16633
5595 20430
20132 14431
8563 10602
13885 7014
1246 43656
2374 17258
1155 29113
157 14780
21045 30995
29778 7569
18219 8078
1348 18975
11567 48732
19827 23081
4472 19423
8890 24522
16545 5235
12817 18232
34525 8885
9745 347
12184 18429
9919 11259
16848 21460
22551 3305
14389 22708
17309 22410
17793 14216
3655 15008
36129 5142
11905 24568
39640 30149
48141 12536
8065 15687
13111 3667
10143 7983
21179 16184
29980 6744
27552 3609
15199 16121
17395 17482
12552 5314
15251 4074
14519 11750
18646 3928
4740 1244
17741 18687
7341 9859
11812 20654
12967 42391
22390 25231
13629 5968
9948 22504
8603 47413
23058 3502
7122 12358
23919 36247
52069 8602
15396 26384
7804 5931
41673 18799
21328 1203
8246 7703
61666 30545
15352 6336
6429 10797
4955 21342
28260 38408
8622 2669
950 21780
13769 4118
20166 4890
24635 14781
37635 13227
23348 6598
11316 39666
10563 10803
17699 2370
5639 1048
10157 8744
13362 13805
29250 8899
17487 4975
55759 2998
47307 9371
20418 19309
14866 23189
11167 13263
27188 8445
6775 9113
6584 14201
3182 2629
12435 18210
27147 5125
5823 4821
13019 51597
22292 30324
16317 3684
24187 5452
10643 22537
7579 6804
24089 7182
6629 27874
28418 2913
19383 17090
6947 45312
8860 5880
6038 25122
30670 5435
7779 32289
24767 21481
27545 43809
21822 34688
21249 10030
11662 33
1063 41370
33373 38219
11615 6410
22277 9243
13303 25413
18691 32497
43473 26054
31449 5840
48962 37725
3199 20839
31344 26810
1179 12776
21530 14525
789 15130
23654 16078
14074 31366
12318 3084
20337 11334
13930 24960
36597 14963
26352 13210
12984 3595
15025 2032
9896 12401
9097 19338
23570 30114
12359 28563
27323 4681
9996 5821
29555 21841
9083 18497
12169 13787
46004 22836
26724 11242
20372 20445
43249 33301
30445 2320
22840 23851
7832 14011
3235 12137
15288 14469
35178 16200
22473 33100
1783 41574
91 34968
7789 33037
31063 24281
12250 8579
9561 14586
43788 5330
12065 26768
18918 71
867 4239
25903 14642
28908 41955
25010 32451
1431 17865
11891 53547
12736 30007
10582 15151
5329 17740
2284 14759
337 10661
44331 1232
8676 5926
32007 7915
34501 1208
12618 12633
14077 33252
12604 15544
41415 24442
5410 27352
6177 14235
4217 22450
31976 26304
14209 14865
10817 9020
13568 27264
6856 14704
49669 39263
11394 17982
34989 29421
13216 47667
2870 13486
29 9172
5351 13871
19680 21286
55794 12749
8294 3892
51053 11195
19781 23917
16095 25087
36215 33201
27087 23331
100 10822
8316 7333
25870 24951
6740 45685
17887 676
10003 1719
26820 18105
11787 20014
13391 32667
9925 17838
12238 15714
10204 8121
16759 2742
165 14008
1846 14450
984 6259
40495 56571
21701 9212
12900 2681
8178 8479
26916 2887
1502 32484
6231 19126
4549 18713
24737 27079
13792 38324
16055 49196
12423 11115
14684 25794
32619 11467
49543 10788
51714 4605
18777 28799
15817 1634
40757 18812
26528 11128
28093 44304
37362 8133
16757 7340
14144 20046
10229 9760
12783 10299
4794 15259
39751 24947
9410 5172
14747 1961
4486 21862
11892 11791
11383 27463
20313 21410
112 17759
23686 9095
19349 8903
36922 15125
12800 9827
26123 12379
9218 6615
18289 9190
25118 5450
7713 41317
10850 7362
15705 6460
5103 25931
29400 10235
42805 5037
7350 905
11810 28202
19534 11950
18370 20483
12889 25221
13522 44361
30772 7315
26732 203
7900 17487
261 4822
17767 3451
5083 10671
16852 445
27459 7098
18849 18078
5162 12108
8646 1804
14686 14433
29718 17741
14937 23637
19951 19098
1934 18106
32026 17152
29366 34513
14536 20601
32679 11382
4580 16059
16057 12585
9932 27637
1400 22917
4409 19697
904 20043
54961 56650
16084 26346
9683 493
7398 500
24557 28522
13974 4095
20749 37338
17343 42264
13096 13901
4638 11031
27265 18525
6645 21901
24598 23479
15170 44161
19024 11837
41877 18560
5205 1017
20928 1446
27470 18988
10083 18374
23558 3429
4914 27550
44252 5718
2688 3314
16670 20550
26671 45133
8882 16530
40770 9899
20371 25343
9726 8574
17235 32169
31747 26875
10034 10055
996 17996
17013 9707
38487 27456
16082 12617
18321 10369
248 32200
29893 4330
2222 4588
14304 11248
22800 34340
2122 13581
22520 19305
1099 30086
19148 13815
24208 18126
783 39760
7845 33860
2588 21140
140 8723
27543 9747
37604 2213
19605 10270
26082 17718
13586 18161
12980 3315
21521 24634
3074 42384
18445 18442
7985 22938
20260 5298
11962 16909
6839 18179
934 18438
43057 37524
13328 42175
21963 12154
20424 18152
6568 937
7656 26015
20848 34485
21361 12632
33458 26490
38560 1224
9153 6821
15004 30483
40488 21211
22065 11865
28342 18308
23137 11099
7634 22667
10756 13462
19163 3551
12454 18797
10785 39155
32710 32365
7808 36410
9246 33266
32865 6947
27494 16217
29838 24010
33279 5447
888 19440
2756 22699
14101 20164
25839 19843
13197 41106
42567 15907
14079 7478
33955 8722
9738 26723
9930 17890
26276 6680
190 39110
16673 8736
62255 34290
13798 8560
8315 20008
15439 15092
6583 6092
56668 12404
33141 10096
22585 10012
16500 29831
25753 31052
5918 15023
12469 23273
349 22643
35386 22250
14323 14023
25806 5110
4534 37484
289 7977
32525 19009
7529 42888
12530 1486
25764 7835
18662 6389
18657 1667
3130 3302
7896 14846
6929 869
11218 34103
11334 5253
21384 2621
16120 2853
2965 18043
36952 5262
10726 10330
5220 18888
7066 18941
3956 25126
5325 3444
11001 26083
37927 6170
10391 24311
19012 5722
30447 34902
1771 26292
9476 25400
16764 8964
26292 256
26156 19458
24975 20852
14398 25846
19447 53242
11693 16870
4779 6310
550 27093
18125 12163
20609 25410
17909 8568
3123 17510
24610 15059
23468 29143
29057 13703
25386 4908
36268 6023
3092 44507
32550 7857
10022 8528
20125 26295
10937 13166
23332 23995
49 2563
29666 14206
12219 2444
21054 23875
2555 15963
17145 15231
5283 1821
9766 10635
3104 30397
7112 8107
33782 124
2319 4219
28444 3487
31677 27372
22338 4619
50945 26877
14244 15248
2417 28442
16575 21874
12304 9521
29441 22454
18653 8613
9684 30874
33220 20110
19572 13896
16530 14553
14797 14694
28142 10762
36427 9301
16168 8123
26690 9851
9883 46988
16488 44285
7677 20747
14002 8360
348 34381
7540 23804
13528 13164
27856 22323
12511 35480
915 33249
13356 5310
33517 11282
22689 12397
16879 39084
16245 29188
20387 19921
33543 12767
25967 30385
14518 25774
1374 4185
7823 4329
5146 11231
12307 36995
12767 1609
4037 8088
25688 17981
47922 2625
1039 21668
34903 1140
3993 15631
27119 26371
9074 6929
8226 4512
41667 20802
31706 5677
8248 32541
6943 35058
2501 22997
38149 13920
21132 23781
556 22208
33970 5178
24940 32214
22079 16333
4520 22729
9772 3245
31729 7477
26336 1698
4871 23720
47655 19075
16115 4071
8707 30216
5840 5204
33112 30579
13614 9225
10011 8003
9502 5318
25463 26534
467 5320
18916 1659
27207 31053
11325 36688
26830 31521
12303 19947
42579 2114
21686 11623
9312 6350
11239 1987
13087 38254
52362 5664
27419 23059
10349 7959
19364 23448
16513 11313
41340 20623
13368 14954
5044 20574
13119 13157
31071 10264
2718 10576
9013 1604
22729 8064
22319 28388
16484 36543
5806 31112
5404 10977
27549 39951
9560 18184
18834 45376
5720 44371
35368 13972
4529 10829
14859 11684
21684 655
23394 40887
28371 21220
1027 16269
15537 34211
22020 3078
59293 6187
2951 8650
10703 19825
518 24167
24357 2250
20446 6633
23616 34180
21016 7150
20852 29451
11674 24796
16360 19865
3858 44689
23118 16353
4164 28994
7241 16460
3590 54512
24227 11978
12746 7724
8518 8847
4197 5155
35076 8331
9716 20999
230 9792
32809 33231
10744 10915
33079 29989
10106 16637
36154 313
4903 18396
26178 5675
33805 989
18928 7272
41048 5073
5321 40187
9703 19958
26055 7411
28282 20693
25653 16203
36041 27530
1170 12551
8520 34551
14562 7006
2984 10082
22289 16446
19157 16588
37599 1083
12259 2106
9927 50239
26856 3168
18671 26543
17924 11669
19112 6304
4592 39678
1036 262
25250 1497
8747 13554
22719 11555
6174 14113
40600 9984
41954 5862
3346 20016
8855 46941
41150 24860
4591 27927
12458 4400
6974 17149
1445 25290
18072 31903
15368 17166
29754 15546
743 16115
26012 10811
13124 30183
34512 42019
12426 5141
16565 21335
36422 5984
8836 25076
38888 2968
40303 3176
23106 6932
19544 26664
607 6337
1715 1966
46254 16772
40008 1820
552 17287
6621 1632
16836 19878
2541 23112
25360 48964
5455 21681
16273 24100
27238 4590
21343 33924
29864 7393
17418 46476
3649 5663
12159 28825
18214 4965
13598 27691
31598 10035
12073 5690
24038 1420
12439 3115
8090 12805
3878 20869
6910 11079
409 7437
21121 41443
28391 4236
1768 13436
3981 24559
427 9492
808 7090
30990 1743
13017 8583
5154 5598
2425 19315
28205 34202
24432 15164
9973 27102
35302 27883
31802 26205
36380 18667
22507 8471
14951 11450
37009 34682
6951 2885
12978 26291
11785 23459
4662 28148
46591 5340
114 18457
3064 37109
15547 896
15938 2634
8274 5970
1208 31966
3087 20113
18701 28188
12095 38701
43640 33141
10630 3423
15079 15574
35418 10730
6499 4661
17387 21071
20298 29370
30176 12346
15952 15573
16900 18900
1387 34923
7052 11677
29756 6299
22707 19854
18643 20622
11755 891
55992 26599
14836 16320
8891 7164
36429 11453
27324 21000
9956 48716
5888 7957
30333 19586
32280 993
16667 26778
27203 34300
8547 25882
29850 21077
4733 15529
11596 19545
11805 17573
5609 2468
4422 14539
3413 2345
5042 608
24112 19291
16909 4283
24276 3090
4148 2360
13728 30628
6341 31246
38170 24415
10108 150
14503 5144
6056 22046
7747 20796
925 3636
49178 14271
32425 12969
33885 16687
1295 16243
25125 41235
19597 653
31423 11460
10286 4971
24210 38575
5343 39728
3122 1142
21511 32809
2079 10426
7652 18755
6881 14496
14625 14204
470 3750
22833 15719
44205 2874
14700 30774
18591 14149
11162 34651
35034 22215
11486 24851
4988 36896
38137 17190
3045 6618
19851 16356
17108 16004
12659 28403
3691 32455
17745 10849
16008 34435
15842 12629
14624 24624
5057 12207
31450 7558
4001 24013
1616 550
38712 42525
1159 30465
14838 32198
28623 10648
30290 19530
38925 6875
34153 21016
4091 51298
14123 48915
25085 4874
17121 9074
4445 4982
1844 38552
22505 21240
5959 18053
6716 17575
26884 3968
36999 58407
14419 29012
36989 29446
13294 4838
11359 35608
25437 24411
4250 5696
6168 40118
1269 7033
16699 15903
22524 17314
8143 16845
32553 1527
27541 21115
22702 14383
13195 15770
15768 33662
16330 16009
11474 46185
34687 18599
20412 12625
45233 222
34259 23621
37408 11795
583 8289
12478 17818
23037 21078
55520 814
10958 3670
18798 240
21995 30462
13297 1696
21788 3255
13655 19000
43481 17217
4132 18165
5755 30132
1775 43366
4637 2356
38628 32884
16929 24108
14825 14
3102 43889
2643 6813
7490 14685
14915 7895
8554 20560
16982 3759
18787 37819
10388 11645
15663 29787
21520 10252
28025 44541
55 15977
12586 10519
38533 12178
12510 3618
37890 3772
12931 43918
4345 37435
18535 5248
3762 19273
13437 12487
20851 28067
12866 19377
27893 11411
23811 10792
31895 1238
10838 24042
3701 2797
1306 5777
31398 4409
1396 10221
22989 38227
24548 40746
14185 21546
30721 14337
9788 30344
43216 9620
12527 10806
13014 17160
11933 35483
20023 18640
26358 2571
4090 21285
44042 9175
25170 18157
4615 21956
20286 7970
31262 31982
4330 37617
5022 3930
43994 9621
3244 18564
37241 42623
21538 8314
9711 25514
12289 986
27250 35097
5998 15662
14222 31972
16703 8965
17244 35661
3572 17092
18181 5086
24303 32156
2527 26536
25727 33113
25519 4699
22638 33756
10258 34658
1177 100
38667 1723
3226 12847
55373 11459
38997 5560
11244 44878
2717 59716
3839 20920
43282 16707
18828 56517
5951 41674
283 30266
31467 30238
35774 5670
206 5236
2177 9617
579 5010
8464 11779
41056 23951
29571 32751
21117 39233
5782 8729
22089 9018
19619 8440
42224 3734
4939 20753
11092 17
7414 16685
15917 21101
52911 38239
14572 11692
19483 13702
10933 20569
1034 14328
4159 18143
24104 13208
12509 10540
13107 26998
2186 20568
21415 2449
56685 3340
1591 2497
19936 2569
2135 8216
43573 25658
27708 16601
39066 16959
38623 1625
3218 12143
32757 33882
5635 34694
17100 42039
13669 25058
9014 20318
13229 25242
29940 198
27055 13876
20817 17309
38587 24597
25331 2882
1441 14336
16217 23761
55565 4995
21837 38461
21394 8915
12468 2279
22283 11823
3233 17066
3828 23973
33915 8395
21409 9033
12039 17970
8818 36282
24850 36608
9915 1306
1500 15263
26675 6262
3461 6302
31870 4656
25765 8478
1448 21244
5513 45573
13519 31511
68309 1798
19057 46715
4816 15076
31989 2795
20339 12009
4839 22711
20391 28852
30240 18995
11563 11963
30969 20446
16701 33534
9255 1595
40029 13822
42255 16791
14957 4165
54753 37033
3765 30349
36454 7942
17812 2332
10482 3049
32338 7954
13446 3425
9185 21769
10775 4910
25022 55709
27881 311
14367 5942
16729 8721
3809 8293
51256 17764
3155 23158
19697 31093
33453 2150
3262 8740
40374 25151
53536 6357
26677 14260
22912 53471
7443 9549
29265 16124
27256 5688
35172 4601
13121 22361
20507 12248
15785 4272
18356 17215
54498 8196
17780 8857
23734 32113
17871 8292
685 3998
522 13816
46598 1602
22939 16878
11669 21618
39158 858
13623 17053
13878 16105
7491 7394
6657 32335
5870 30306
19174 31696
16612 25359
24609 9121
5340 2277
29087 24192
13118 11036
1254 20502
17845 30085
14920 23357
13452 35219
25632 22489
1127 19834
6979 9435
24507 9530
5074 19125
24717 18614
18492 8232
10886 24609
17544 34564
15859 19955
22233 10521
13706 13453
6934 15180
24024 4187
44970 5413
24942 3438
9611 9234
15424 21372
45706 30253
2723 25280
30355 14799
38206 18735
26084 1624
32856 11870
22902 1672
2873 1963
5183 42829
4575 28536
10051 26753
18770 19925
21300 3466
33837 13937
10879 1754
10082 21399
25905 13324
1737 8243
9882 481
23969 39235
25257 10115
350 7754
14247 32741
7452 6426
10172 24061
5193 28349
2299 35628
13273 14280
17933 20865
1717 2693
7446 9039
12695 22443
2385 24480
48537 11350
3889 3439
16436 14000
20344 12182
3933 12895
6697 19847
26760 37859
7266 15592
26211 21499
35033 9306
2262 6849
21678 3554
15313 6321
15081 12377
30817 22508
3879 15241
8265 14914
10535 17549
26735 36927
2189 36606
38446 3378
19021 16796
18667 35478
34089 24439
12395 45231
15782 487
962 39584
13298 33815
29963 14817
12154 6861
11743 36546
4675 23793
14015 1469
12664 3454
19214 4041
29732 7142
12951 28427
23409 1397
7260 50658
31751 24113
27596 5391
33622 19656
3875 7978
20612 13577
40902 6203
19084 22426
12041 16
28561 2816
6641 10262
23797 495
12418 34398
4891 31069
42801 19097
8128 9265
25925 45377
2199 26590
28054 21705
12506 24721
4068 45122
9914 15257
31551 692
571 13819
44235 4904
3942 25448
13509 6296
15121 41303
32985 21778
12675 3044
23104 7060
489 11843
36667 4864
1909 23239
28783 30382
20580 37012
25301 14648
18331 20174
1300 11901
8881 43317
7091 12323
12939 7286
839 13875
4636 128
18922 4293
1224 52165
20291 16535
20440 17343
18156 41611
27154 27489
30167 3955
6580 8138
10415 23354
8441 13644
42691 20042
5747 13619
58629 24131
4777 13277
1342 14485
6720 20475
39130 11069
14194 5634
25304 2989
24341 29487
13130 35916
19346 6055
32062 6058
15117 33267
43326 5608
27781 18860
6628 17371
7639 27864
17720 6371
3438 6231
11362 9325
7015 21137
11864 21790
2197 38826
498 17048
20188 10097
38498 47904
37252 19501
6345 22877
14648 14358
40427 1305
37320 4486
6708 28256
4727 14021
17813 26774
19240 5909
49147 12059
19151 6893
4057 5184
1391 10338
15561 15697
7662 6601
11 4724
28075 290
5574 1215
14480 4123
9567 32539
1611 16879
23840 6773
29040 2686
30816 32926
43354 6284
9490 22596
3136 33129
24211 2784
1524 31954
7383 18905
41537 21040
12957 15975
2842 14535
21314 17503
2370 2909
17958 11418
21163 14076
3553 15579
34818 21611
4996 15220
20184 19721
38771 21509
15975 22275
7494 2964
7957 9546
7156 29888
15328 3391
23380 29223
29917 14249
32354 7298
18851 16465
10375 4880
28771 14397
5537 42237
42125 5831
5406 19383
6239 44124
15175 39855
5315 45265
7441 43164
5601 29700
24106 9299
7061 7072
24348 5128
21532 30797
18483 800
30678 19408
31312 35315
34314 20660
914 16734
16468 5859
788 48945
20038 20602
2264 5167
21547 8783
17393 197
10032 1925
17757 15480
17348 8313
14949 29766
36219 10017
12007 2967
3169 30124
43716 7303
26075 5270
22178 2210
11051 6308
7532 27493
18676 18902
31562 734
18861 15223
15278 5643
25621 7917
35618 4911
45384 1864
22236 16704
9144 27953
39670 20695
3757 34615
6776 4583
18864 34835
23201 28874
26286 11343
7883 18130
16748 16629
31941 9519
13827 17841
15198 15950
7854 9756
59233 2677
39956 5778
12130 18292
16442 28483
33347 17943
10163 18387
3204 9137
8332 30379
49138 33613
97 10533
4499 15912
8964 62282
801 739
1964 2287
572 16584
19231 23946
18352 39234
23740 4548
15255 9470
18562 24316
6924 16502
23286 42209
22298 22599
9752 12690
8291 29108
17901 4689
30843 15774
34874 31632
3256 32524
127 13467
19961 22553
29257 10629
4165 19359
4271 31316
44448 9187
7180 10021
47931 24253
21834 6970
17865 18314
17137 17404
28286 25833
8409 17776
18359 27501
28585 25039
35864 8786
10422 35937
16215 15011
13991 9101
14982 1298
6751 32555
16201 6191
36379 698
4789 11405
47406 7994
7610 29781
18248 16671
46308 14875
31392 26516
31556 1535
10073 23083
5261 14327
27065 29346
9148 9104
3622 14242
40535 14523
983 39835
14612 9874
5760 39414
2153 18963
2741 47235
2474 7752
16053 21444
14245 21293
3700 16246
27451 1946
297 17068
30062 32111
26812 8386
20482 6605
698 29053
14494 6519
1589 13868
15577 11601
3464 3478
46671 6665
11508 22183
3713 27313
23142 12936
6902 1785
13255 16313
3812 3003
17755 4246
34191 25825
26280 14783
3220 31914
25325 3116
20157 31533
36496 20535
25344 49367
4387 11637
6246 48283
1335 14459
14500 19814
16620 11213
28299 25031
38633 14012
28337 10567
16815 15547
6314 27628
27083 17164
8141 40924
33578 16558
2628 14305
37405 12228
11695 20576
24225 19710
21118 5092
5033 11888
24394 17990
47425 17006
7139 14374
16302 5424
10681 8297
8163 31772
20698 6736
5230 14002
51991 7322
8946 14333
21814 11789
15225 40003
47626 2099
4194 33451
2129 19532
1509 19414
35709 20629
25117 10109
8895 11597
9705 463
30047 20687
22164 4574
18573 34532
4347 24284
7194 38755
27412 18219
30364 241
17624 17892
45045 12706
28140 60074
21143 14051
7730 23964
16250 3683
50640 16311
1997 13334
30184 11552
36369 17995
19162 26378
3641 15030
42188 39
256 13877
18633 11104
34276 741
44474 20165
7732 2973
8925 31520
14110 21341
23149 11853
44641 19447
12814 9730
14371 19919
16402 24719
14216 34884
43136 10616
17211 11263
21080 29884
3656 38083
34357 24926
22424 20211
47726 15395
1378 41492
18096 23510
12670 32280
24 21580
6241 22814
30696 573
15089 6961
21578 7049
1189 7320
25871 30552
34319 4222
24699 22941
9491 7730
5705 26661
10746 18524
3229 19318
5123 35706
1661 14398
5393 7001
30756 2117
27113 13284
13401 9220
24433 3694
1635 7657
1165 36070
3389 2413
7554 13660
15145 23836
5141 7137
19950 12263
24080 16586
37590 13022
10292 17806
12397 33067
6608 8370
17021 10399
13407 35077
26718 285
762 16521
17123 12607
5658 31816
7315 18237
22376 18804
8913 37354
26996 2126
20425 12450
10567 25516
1630 25123
2434 9446
2217 18803
11796 32746
21110 7960
5471 17427
9031 10166
5652 14658
19055 49347
8019 1163
33177 39793
37944 14900
9747 33367
17382 2551
33611 8032
15139 2656
27383 50659
3117 12241
587 9980
7347 10610
11588 15722
13485 7179
7809 41053
10475 10281
8593 3272
29419 26773
20608 1707
17122 43328
1619 24670
4071 35473
24874 3516
47984 17707
29797 24880
47537 14554
10670 9852
591 18889
1088 5700
9056 32730
6101 38273
16778 39546
46666 4671
12361 17138
16040 56352
3636 1198
23665 28933
33015 3967
6952 7467
21191 15746
31124 28201
10570 10148
10566 11956
6735 43229
28999 16162
3 20306
9100 47317
4624 34154
451 23145
49803 4800
30315 12320
5625 4405
22573 14085
548 355
29560 1374
7728 1675
19607 62634
27734 10777
27231 11705
21980 12491
407 29562
34473 16935
19975 2604
13276 7612
1921 7377
109 6447
6272 24384
2436 31389
20941 30636
36477 12640
23838 38371
18959 9098
44269 3864
19328 8306
31675 833
21495 21138
27246 21891
33274 4312
1292 24241
13003 27223
32411 5637
2316 12628
56887 24801
5195 4692
43685 28988
33894 16411
23251 43122
11410 47955
29594 20641
11478 27604
15813 26866
17966 31788
16203 21767
8763 16220
3777 9502
11457 31020
6546 22306
2455 29201
9370 12597
8062 12329
47101 28910
1545 7796
22855 37825
23299 41207
13231 11753
10260 8168
13812 30242
24956 5495
35867 264
2280 29868
28458 11864
6310 11919
2237 19335
6532 14137
30813 37707
19035 49053
22456 25318
2691 5201
4966 14297
42602 889
43783 19718
36918 20589
29885 3693
3620 36052
39603 10245
14512 10699
4412 4806
11985 16374
9679 7045
7364 8549
4730 3077
28465 15065
6573 31424
1211 29162
7583 14952
328 21313
7938 20871
6409 22971
675 17980
18428 766
16700 7999
13426 17837
16051 2310
16857 15614
37574 37291
25176 10888
33856 14288
13237 1730
30366 1775
29019 18307
20649 5896
8401 1018
1070 19668
9363 11592
1955 28658
16359 4060
19459 2184
23595 5286
13258 15195
47374 20286
8549 22340
49016 3991
10313 6606
24796 414
16865 359
25299 2492
1164 6423
2104 6495
16274 53055
5286 3161
21344 23092
9544 16102
20791 16693
34323 19182
13990 10067
704 23046
10541 15565
10990 35869
9965 2291
6281 23652
1895 3132
14327 29924
20569 20812
2461 38518
14424 33399
13502 23147
37451 10708
10790 19267
9475 8657
6505 12158
2226 3488
9365 37696
25137 22210
5659 36958
6639 994
15150 16262
10410 42497
34654 28372
25797 4410
2593 1066
38920 27823
12773 23725
20240 11346
352 476
1366 11974
7897 3770
1639 180
24596 6563
23208 12508
16213 16730
6827 44704
28303 59517
3414 30201
16329 16143
44546 8392
15849 8344
29489 6677
2470 31878
14652 18833
26848 29226
28962 22612
7858 32342
10818 32356
3431 12701
17822 48048
4379 12509
5616 4332
30577 7277
12239 15487
32036 17804
4238 34192
24684 23530
2327 19168
6078 11582
31732 22133
27857 31568
14579 27324
5808 5472
3907 2638
33147 21271
29519 6411
34011 20487
2499 28837
8407 18999
2312 2148
26612 22341
36501 36034
910 35959
7636 12232
329 938
39217 21462
24694 7509
15440 14928
7863 12739
13004 978
28068 16170
6971 14368
5693 4723
13146 20584
5942 1637
27289 19981
14973 5432
17824 35506
24182 1019
27353 18256
6338 8815
18257 11975
3401 18304
29204 25354
16957 10463
5868 8866
1313 32045
27735 6068
3252 32012
34036 10194
23087 5422
23205 20144
14354 12482
3565 10881
19744 23912
18135 14611
35960 20546
47164 28704
14220 9111
11039 5377
5199 24289
32089 13333
16272 20118
22110 8575
33005 24247
11463 50765
6463 3283
9532 7926
41820 27516
26363 21741
6343 45152
5452 30229
19532 7967
12962 17097
12146 4078
44910 24841
15754 18572
3609 11876
1750 28826
8469 12230
9126 44110
23890 1282
3513 24369
14513 410
16494 32091
20333 21513
40702 31141
13306 8061
10890 29691
21934 11900
22829 13258
22743 1295
11353 41391
29715 17162
28281 20463
5711 3560
12083 22383
2939 13766
14655 64962
19028 453
8978 5434
18423 10444
33324 12319
8207 9195
9090 13778
2644 26031
42834 23844
2271 13488
284 5938
9959 1526
4811 18783
26785 7450
15643 3672
13716 34337
48364 7486
32976 12135
18617 18645
7526 27123
22080 11081
3586 19156
1837 22409
9348 42970
17024 119
34756 24150
42662 29969
27646 8703
13406 13538
2549 49683
40539 23610
2138 19229
13993 17532
13177 22994
28294 24106
18290 32500
26765 7070
21847 41261
18816 17135
42 6466
5136 11315
3315 516
13914 18845
7580 1008
12434 31375
23470 43352
2250 4983
6182 1979
30005 1080
24390 8769
20821 34553
2783 3577
19957 25970
27447 16604
16486 14622
13755 6192
3344 8281
29433 6769
32844 1365
8074 46166
29118 41090
32456 41679
4307 31100
277 34737
21676 16564
14527 14215
11182 7964
19233 3605
28557 35420
4867 19753
29440 14281
5919 14969
10036 7235
13834 1172
17721 26909
28885 1666
18946 3635
7806 10758
10173 11413
16605 4528
9109 1195
24590 10471
15684 31081
38324 2242
11989 1186
37338 13693
9249 49667
11698 26892
11125 25372
26001 4024
3147 19384
4092 39032
32078 22664
24059 24265
28031 5721
9755 8770
15349 21488
27838 14912
6591 25966
7458 8202
15645 10728
11906 1167
2297 31962
21648 18937
5607 8588
12270 30274
12293 2442
7229 18952
18120 747
3514 21133
11000 22878
15642 7962
20951 22376
9929 9769
22784 35104
5604 39859
26180 13132
4041 26487
7975 49642
5475 25419
34918 33522
15807 25252
25774 24644
1180 6599
18733 10961
56345 11412
6798 3435
