34272 26195
8285 26499
25225 6974
19217 18896
31138 2187
19916 26797
4771 12416
17928 32737
12923 13658
32430 9230
9356 56621
22465 2109
7240 38947
2360 3565
7340 15350
23560 18075
18386 4348
49945 31045
8588 5593
21583 41212
3538 38476
8581 25865
22857 8227
3701 4132
2953 19270
9939 13373
13288 13611
46124 15231
21907 13105
445 9914
41744 15112
35878 23340
39196 11407
42108 9724
3775 4044
1817 46381
18824 3448
251 36901
6341 9627
22172 22126
14985 13456
32620 10155
46061 12802
25584 1526
13676 4694
1192 469
48037 22615
16675 16992
4823 40242
16644 4669
24226 2990
3896 11317
27393 19832
17100 8263
53501 317
17897 9388
39739 31399
20128 14638
6398 21298
17429 31843
26566 5905
7411 60351
7092 21907
32600 1920
34600 8768
27338 10868
14924 8883
960 16989
19381 18122
18781 24272
11023 11451
4063 9743
4622 63380
22507 23093
42839 4378
16322 1274
12001 283
107 18169
33378 39979
8692 15605
163 31589
7568 21723
67466 31705
15619 2147
46802 5645
28465 5108
35313 976
6145 41440
6786 23490
8499 21932
5215 17820
43638 11894
22007 29859
16447 6313
16023 29792
25482 3456
14064 33088
10608 7378
43878 32704
14708 11615
59621 22676
28464 22478
32223 23676
454 43780
12309 614
22839 83
42407 6101
43084 20274
9521 18383
1549 9307
13088 31888
25187 32612
5788 17205
15542 30726
4872 20371
21409 18228
1629 4167
2743 31729
10275 43859
28488 19395
12724 17411
3234 8901
6142 9747
39675 27208
15322 14361
13651 10877
12217 40163
26422 12593
11719 17932
13176 29980
7208 36061
32263 19920
33513 19621
50844 4102
4212 17731
14256 24246
3934 9977
2059 9194
30438 20268
18378 14986
30333 15251
12690 11699
2272 30169
7796 17560
11504 11007
32131 27837
21078 38415
23260 8458
22383 7473
34471 19305
12399 3769
23570 6570
37526 43525
10321 3038
12833 1894
45473 35289
10669 29473
8628 3522
4887 22542
1127 13965
13573 986
9444 2216
4870 13178
19081 36054
7094 28311
10004 23108
1537 4502
32901 47903
12205 32906
59473 19604
22423 16925
11266 271
18472 3907
7930 29485
8925 21424
3545 15134
9724 18945
21218 7534
9627 20288
7043 745
3013 18227
40729 38514
23491 11860
26126 13717
17251 10713
39332 25200
28157 16687
2667 5061
20354 16264
55076 31116
36021 6546
2657 7784
47953 9487
6577 6274
8973 15554
17351 31053
1408 23841
49692 13582
58061 17783
15544 11831
14022 31152
3661 18862
27093 15619
8282 6460
3118 51391
5565 4074
9498 26091
1666 17022
12425 40402
4578 8691
12497 1150
6848 35063
3067 8420
24566 26354
13782 18564
19117 638
15536 16253
25436 20055
16488 31791
16725 19826
2393 23523
15327 10091
16526 35395
28998 35246
16096 15162
21024 35221
6755 29955
29452 13207
25673 32005
7728 9741
28375 6937
20552 64506
6474 19387
12828 7458
7217 15322
16598 20569
40315 18548
20625 6033
19565 13049
20598 38287
10395 21906
23675 3431
21690 5452
34524 32938
1331 35868
8178 3900
39597 20941
9708 542
23171 4370
41332 23086
13582 15229
3486 27000
78642 8720
10363 14302
11609 16265
2701 14519
23950 8374
32113 8600
12027 26072
35587 30642
9201 39903
2342 44951
16927 3101
24777 59501
1060 34412
2843 15617
27014 17758
22157 24650
5856 27609
2685 24526
3508 3959
4879 34741
27180 3111
27586 7956
3842 26405
15400 8238
44179 15311
15604 46331
6586 5752
37839 1896
34603 17363
4114 33511
13321 67391
14735 943
22259 16814
14586 6429
26366 577
8839 4915
15175 30877
23452 3190
49965 6585
8215 32351
4307 33941
24835 11152
167 2449
3461 14221
19696 1849
10736 20979
24837 13661
2508 31477
1339 20751
26770 9371
1345 30567
23882 11960
20801 493
20127 10109
8711 33266
19023 9092
11604 5581
21180 14771
29855 35767
20397 11938
3159 11066
5430 29461
7902 12277
45791 15876
14614 799
35162 28792
8596 52844
34310 22159
26523 27457
16711 15511
8176 5287
12720 29346
22890 6057
1099 8716
20073 3960
32559 11612
6011 1874
29085 6136
10287 10251
17174 31391
2459 3516
3522 8698
6453 46296
33582 14806
19740 45080
20435 45514
24070 16282
18093 8469
37705 15718
207 8636
19371 26758
41988 9985
16362 11785
30753 12145
41702 31314
2441 5943
7746 13724
28514 9829
24569 24524
17920 882
18514 38800
43720 19379
23206 12716
43280 16726
4968 15183
2760 12436
26159 10184
3544 43676
44560 25484
19215 10530
36521 21479
32006 6
31688 51469
5099 18459
22944 1881
9882 32751
25842 3025
9192 7604
29942 14342
17832 11222
13075 6386
7077 18844
41112 25921
17239 4390
33088 21929
14271 2499
975 21530
21960 27306
28905 22979
858 39286
3306 18436
9441 38196
25961 15752
27891 10771
4176 26154
26029 31467
35271 31182
35319 22611
9372 33633
25342 28471
5887 14370
42808 17874
25912 12995
14275 17500
3685 33160
13933 24682
13337 33225
36848 32887
13930 280
4171 10355
35101 20372
9100 3693
14964 352
22445 14276
2283 13740
29529 42805
5321 596
8050 20946
2365 25502
7144 10381
11873 28217
1190 7878
17302 6519
33300 31143
24075 9725
12642 57549
22476 1991
37769 38354
20339 21291
1238 21545
12189 7898
28078 13343
14992 59508
8767 22595
15739 6215
45760 10310
4609 17795
5244 14753
654 25293
27483 248
13370 19063
23614 41540
18196 38479
14663 27983
37050 1634
11487 9399
2040 21487
2427 49679
14776 11167
57 15733
1243 33166
25048 34384
44924 42415
3463 12428
26215 3076
3762 55776
49612 12529
5874 45705
33135 6028
6035 7314
38870 4631
21627 18555
10399 4112
29838 10330
19136 40341
11727 22546
43299 22746
45609 26535
727 16465
7884 5876
3578 6979
30394 2003
32645 24506
34925 13290
15997 16888
12951 59619
7793 17980
14519 12698
38245 22895
8816 16682
54030 17622
8923 43663
19616 14247
15299 11642
8948 28701
45846 10563
22671 541
10380 22815
69 41558
45353 621
26774 11846
22711 14704
22114 9185
24665 38407
2709 25616
5383 17634
2591 10837
24729 26247
14034 33395
34021 7318
6497 16410
2200 23291
12934 4251
37803 53570
15240 15294
4520 38644
34758 29504
1320 24586
41264 39765
21537 12618
3952 2896
38031 28675
22668 9331
25593 14452
12086 7614
42145 14041
14325 33829
32193 8091
26521 21692
55400 35904
10450 4350
43628 27790
26090 517
9293 26474
25435 16102
1081 12315
904 19122
12623 247
25231 7679
20208 19674
687 4600
21486 5810
54830 37058
16248 5467
56652 4858
11313 48108
49250 11255
31732 38177
21978 75383
17813 21485
13184 22099
12435 16809
10793 7603
18657 11897
29423 35704
47321 20533
38751 22483
48303 26806
19338 14956
7178 20586
27115 36823
2004 17858
2193 10010
1727 32361
15726 21842
20274 35459
33475 5744
21822 14046
61705 32811
12954 15054
4115 7837
6458 4343
14499 16285
41799 23886
4213 21928
29432 25072
1680 28715
13093 952
18373 5355
19276 27737
6208 12073
20062 8389
4449 27326
13610 17213
10642 4967
15203 40821
36486 37950
12188 21972
13530 30234
9296 10279
26192 14066
23613 30003
4382 10382
17732 5337
10271 54801
18975 5920
13085 42910
41627 1722
63639 16060
3764 26045
21433 41093
4791 9168
20135 26489
15225 12566
9415 25811
2323 9069
8570 13003
69101 8993
8730 21713
21074 38367
36862 6815
31821 30030
34439 19162
15622 8831
35115 32234
65882 4237
11865 11266
26647 5571
8424 7485
944 11602
12312 10250
19358 41848
24167 7606
28431 35955
11777 12405
23524 32786
2333 39809
1908 25933
2813 11026
44315 16369
30501 37832
21347 2485
36303 17828
5372 18225
23117 26475
20057 2300
33347 9406
21217 24663
10234 19502
29616 2194
47442 2311
16232 21290
11190 7919
22233 3117
14590 25206
605 2790
40922 37928
20484 7605
26218 12264
51967 44941
2105 25854
25863 15021
2618 26117
48440 2387
10830 27977
8305 4435
3954 25566
47177 8215
40886 24623
38407 4824
30456 18112
19533 6787
2162 36455
11000 26356
34510 3662
14214 8241
4346 3573
2104 23346
32892 32844
17629 13827
16628 14898
27175 12897
4150 12964
7084 8911
20647 3135
16470 3277
3168 52024
6760 13465
46991 28534
17137 14277
11227 9133
8169 5242
30602 24834
1938 25063
7561 10222
733 16956
15246 47604
35741 8149
20276 7882
1213 26530
24221 42273
9874 3463
28996 45203
1518 30548
19415 34244
30658 20971
5497 29750
35341 14127
23658 2522
40566 26143
20953 19532
13700 8882
17323 9073
33933 5429
26511 15636
16662 16338
19260 31346
67613 33062
775 11418
14340 9365
3042 26107
46400 9057
763 6750
22719 48671
34559 44550
21021 3929
5307 13316
18574 37153
21498 10569
17098 3828
3443 4203
3922 20951
3750 34732
38632 14533
15679 32709
14206 47362
2516 11276
14117 7449
10727 9134
46459 39969
47106 37494
17054 16529
16660 28951
27079 13355
40169 3341
6530 10301
1526 7785
24358 20443
1171 4466
14452 19821
5575 2134
4560 7539
34144 22727
26963 4318
19759 25533
9786 17764
29196 32847
2010 2081
6040 53460
13887 22960
6950 25181
23773 3743
1334 20273
23116 28605
14273 33267
10096 8758
10348 16206
19643 17584
12457 11824
9056 15260
24671 471
1379 20935
39191 6723
569 16461
9182 6233
52736 15100
5806 7749
24950 4566
53828 8562
864 8652
10931 6239
26718 24359
36107 24577
14269 23710
9358 5898
18117 4749
1779 23239
22154 28205
47793 7596
23693 15066
26502 7466
7275 5270
1287 17039
2117 17281
19838 7071
12535 8346
18440 8059
12960 3989
39125 42988
17405 50680
41847 23158
13156 15881
24511 47781
12585 29295
10040 39782
36595 16712
13320 21830
47257 20575
6151 13205
41679 1941
21569 13975
5 24536
6779 9062
38530 2337
11822 6146
34708 25362
9618 46172
11588 11669
2706 20858
2414 22578
23506 4338
11087 40283
37459 5580
11637 1417
11067 16479
47750 18619
21609 34810
1035 4786
1149 2698
41467 17046
9152 10748
21307 30961
13099 4785
27827 1638
19398 8378
33780 2303
9847 8453
13710 13558
12521 13850
4203 45279
8111 17529
14160 9205
10528 41083
3972 8437
10063 16629
4443 31519
33115 44356
31225 11903
60576 19361
34527 11202
22024 9158
23093 24385
6297 9263
10852 19680
46894 13825
5178 28695
26583 41802
17172 13327
228 23054
44886 11963
33696 21903
9163 22193
2319 10910
37246 18901
34718 46234
7364 31891
16522 3862
50555 7006
28276 22293
19744 12212
2825 19371
35760 13044
4895 25014
8387 19426
4929 16408
11528 30058
38178 4115
10954 24196
25402 5629
2703 1427
6152 13192
56791 26569
14082 35286
12112 56188
8615 57648
10881 48631
17417 18300
39629 9744
7829 63594
43953 39453
752 41583
10110 9239
4789 33295
32471 19334
9876 20980
5427 20774
37280 19725
18678 17031
32196 36876
7042 24243
18553 20099
12353 9822
30420 3926
2757 22315
17186 12611
471 2189
16746 7441
13565 37239
8508 37939
7107 18881
6337 13755
18891 40202
3098 19594
7027 22394
15584 3714
48497 16729
9434 53024
15090 32803
63480 14311
18412 45343
35247 27503
15199 12844
3323 7192
4745 4355
1196 29244
1750 3675
27468 48012
26580 35570
5076 33917
6936 33269
25633 17981
8515 37319
13850 3978
4739 20279
39844 25661
41043 25163
2390 3507
7584 4062
19983 14308
29153 27616
41037 618
7915 8827
42958 8349
40384 5878
25763 20442
45271 23445
30703 19905
4182 14549
9271 400
14199 29779
3794 46815
5119 33743
30368 5935
18145 16181
13865 28080
31214 26745
30451 26742
10769 56533
35447 23454
21678 38462
23769 9186
4986 917
4755 18663
34221 33351
2219 14472
39158 6128
40899 12690
18136 18231
7050 32913
8465 9025
23653 16258
30048 1914
15630 44135
8749 5130
43081 37900
23537 3784
24551 19835
52969 42059
40004 24098
16841 2271
1880 6506
1500 34424
20367 1053
29340 7426
13219 11318
7900 17601
4852 49435
8733 3570
12138 26226
8554 40325
8702 15062
41822 55796
35679 5012
28104 34123
17600 14294
12048 36026
28648 4241
41200 9237
10567 11490
6737 12454
18349 35733
3021 16203
22022 203
5266 26840
6018 18394
16127 1485
30844 582
26556 44353
8306 26392
5969 14620
24200 9147
3085 34133
17264 187
337 16174
30327 904
33218 10243
10827 42211
32228 26973
12698 31256
8084 7103
24256 51937
9707 40866
2690 30810
5576 10630
12019 7800
30046 17489
23219 6216
21732 41562
35974 4312
31934 14008
29335 35364
11849 6600
11416 20077
16117 13971
3968 23052
11630 2916
10188 16867
25665 3072
9638 38308
4019 824
6725 41366
25894 5668
14716 489
32209 17317
82 7973
7944 7523
21104 13839
18494 55538
18910 1213
58013 1238
21872 27917
40945 21727
2472 36353
6300 977
19208 11441
47618 60359
18594 53949
35745 28687
24432 7855
10051 15649
11103 8699
14355 28854
26916 3536
18671 34694
24126 11289
63268 11907
19006 24254
22547 2002
20049 602
36812 6885
29359 9898
64366 4554
4607 23267
33421 11081
25064 24071
7399 24299
19455 939
22043 15850
14626 6530
14559 13370
9778 13494
10632 8193
15696 47156
568 8892
3349 42229
103 9404
34626 31513
25708 19511
2358 45128
35303 19894
29008 7222
39336 21769
6024 8812
40305 9096
16372 11806
11702 15302
45696 9320
12866 47128
54779 21071
20287 9826
28626 7180
29425 14148
19442 8507
45691 3253
19496 32650
2177 10600
34182 15875
7655 96
5499 25260
18087 21347
12007 12542
2434 18362
10282 32784
26988 7362
15039 39614
29189 9722
3667 14794
12071 11333
35008 11084
1335 26225
31332 17265
41760 38448
5021 18372
36637 6375
20626 3964
24050 44729
1404 6116
20418 7398
24507 22518
23007 38734
6281 15058
2113 24979
15234 44026
26759 47211
7317 13925
33065 9739
29014 17141
13218 29363
43132 27571
10166 3278
17047 23855
2672 11477
19844 37597
9149 25429
37714 48018
25440 16998
23750 34610
11898 8511
34445 28058
1949 15730
4837 20509
3582 10042
16242 9844
22253 21953
16852 9894
10785 12049
27772 31751
3977 42068
3077 12794
4523 11452
1510 28583
26105 6174
13235 19966
41618 8723
34940 30853
4428 18058
6602 11571
17849 3517
30568 524
26206 13035
13730 29391
10135 8988
53767 1521
6741 19490
6397 4708
4249 2962
34842 34996
15258 16948
49339 15401
7882 4869
17833 9639
24866 8203
31703 30534
8006 18870
17153 18846
17546 10375
12964 1321
13689 24734
10255 25551
4282 2764
19941 1601
11408 36117
10286 21795
32572 5854
24879 12590
6640 9974
30066 14240
29601 47472
8008 29028
3449 7519
33062 26376
5359 9493
9300 28899
13059 20235
32068 39393
18887 22286
7995 17303
14609 24756
22919 9763
11790 13678
41593 3218
9919 14216
9124 21274
17734 20069
25591 35913
3739 24579
1654 1156
1269 11069
2506 5762
11340 17504
10524 23906
12721 22231
32383 12140
35225 2488
3651 11322
13397 12396
24529 21039
11179 31189
48869 2826
21139 10071
15771 42773
14216 18778
13649 32596
39519 9089
37833 10621
13552 10270
6684 7294
41737 5832
31932 3670
5080 34033
6114 2665
5004 35731
25174 1434
7795 170
6153 19652
12419 10548
19555 23003
26349 14347
5741 2461
38773 4459
13164 25101
29354 37689
58438 19163
5367 17604
31444 34906
6558 10926
3956 9271
16412 15299
33869 30506
17536 4644
18222 7472
1383 40053
542 35128
20205 4787
8194 55372
3007 50329
34660 9702
26918 27672
6897 14803
43418 23242
20902 25070
18686 34350
48465 28601
4724 3691
1731 6392
24815 29236
7105 27585
22550 16485
1207 19791
45579 6751
1566 15379
48234 8006
5624 4450
10822 45580
10393 1522
15220 29299
24237 32301
27842 35422
7318 20931
15476 2236
1852 27052
23792 6663
3374 8254
17345 8002
22996 26137
9126 39690
6030 28400
49769 34251
36222 18385
4550 10136
30427 33603
3942 31167
34888 36432
27570 18727
1415 25701
55574 14485
2613 6503
2380 45220
11512 12762
28383 16701
27607 2570
18810 54244
16842 26765
12467 8969
4240 11979
7142 14977
6004 22386
18259 13588
11134 4537
5220 6382
58952 11825
11224 48351
21340 36897
7474 22806
16491 30017
9223 19455
11615 337
7358 2301
23943 9336
11035 6804
17824 45015
5187 3688
62684 3824
6015 21669
41949 4266
7456 4885
69610 37330
4099 20341
30053 14331
1391 4239
12708 34273
8738 12900
4075 41849
4358 18646
26013 50630
20599 1963
4450 6544
17165 18552
31062 4003
10355 4008
11249 46525
17867 11877
7752 31885
1470 42116
128 27535
14740 5435
12681 15111
4732 2346
14186 22936
11783 1887
26 12952
29264 1683
24772 23196
8644 1668
1561 4463
31482 35122
11852 1280
38639 5952
26890 1342
19060 3555
2490 7930
13094 15067
15048 56119
14528 19086
38304 24464
7674 11168
8205 12026
26189 17653
36546 5940
26826 449
16399 23872
24737 29015
17452 40700
1412 24985
42646 2513
22554 26429
13100 2620
25926 34395
24365 22505
24681 4099
21712 23483
9801 27878
52119 8967
16198 1441
11610 15073
4070 19755
12165 16598
6654 12447
26303 2442
7960 34956
56598 112
34209 6272
15269 34324
4186 1216
23701 1910
35440 13127
13209 11101
13841 3274
11308 8537
25163 17558
28477 21781
38699 8308
10170 23410
20471 24636
18982 70166
6683 56003
24756 7688
40455 19431
14369 2245
31632 8472
8088 26892
33961 14034
44689 37355
50136 24944
27723 6771
18420 24665
19267 36030
2469 46061
27279 4119
23521 2644
3827 14608
31628 29059
14498 34733
30579 10464
54563 56326
24251 3185
1148 12564
42395 16046
3329 51222
39627 21612
28053 139
36572 10509
24163 5306
17596 26753
29000 23059
12696 20784
15407 23682
331 10982
22559 11833
15188 1728
27163 36561
25463 39637
16010 1316
7993 7701
32630 15131
31509 42978
6966 29076
2724 9056
41197 38210
22242 35811
9947 10096
10718 50336
20324 739
11572 28260
1025 6558
17561 3795
16279 22037
14002 13406
19243 5065
2822 10053
10417 32034
25298 24229
2986 48948
10262 18205
39269 11214
14615 44194
5070 9542
20379 5107
62082 2249
7992 8348
42308 10080
7601 8602
35960 36287
20723 12343
40202 7056
18806 8144
1003 25794
2625 26617
7988 31316
24791 17675
8013 8651
25377 35629
14881 7249
8910 16280
15138 15477
45230 24854
17019 49477
8450 11896
8359 3506
10226 10022
24127 4836
1131 15871
1313 43427
18779 30784
10477 33260
13990 2929
7739 5259
13805 9519
1254 21677
26403 15169
27412 13237
44748 3415
58092 10931
4877 20184
38912 2047
43991 17103
5355 24710
12023 23981
4434 697
34345 29276
29387 42539
26094 9887
12403 30447
6494 41233
13010 9759
32168 20175
45169 9814
21658 10754
29087 31347
67293 2114
5000 8070
16168 2445
6793 34017
3781 11470
9092 3613
218 9557
6880 27741
2258 18978
5005 16413
15878 32633
15882 2608
20319 32937
2904 17771
10235 32342
32159 32676
13558 4920
9795 23097
46366 32041
12022 403
857 5650
33660 7342
9629 25478
8708 32591
17041 37002
34704 6298
3542 12800
18043 30460
3624 25808
25970 1144
1024 3600
6088 2516
9706 13070
35003 17470
27087 41542
22821 22097
6740 23720
46295 23768
41004 28313
2224 1690
16323 12201
4556 8748
9066 21344
3358 15524
1150 3438
22467 8431
23909 2548
28563 26894
30399 13706
17927 1461
12026 5119
12806 12072
1221 2121
19902 453
35207 26389
12499 29963
7395 12749
50304 23742
13961 34219
20105 25587
3560 10928
10290 2052
9186 48477
38224 44328
26399 6162
50369 29898
9127 3414
14300 1299
10150 11151
10093 5670
18153 20903
21943 28190
33608 21408
15628 22495
22510 6801
2921 23416
35288 10159
22362 27382
9485 84
15693 57755
10657 19219
58930 44233
22195 13168
17689 3194
22311 14484
18250 1467
5587 8889
15430 26382
48489 35857
11868 4886
24333 27617
49763 54175
21101 39845
17614 13064
34254 10669
22544 2821
10709 30435
17059 22006
18913 36844
33416 5616
3695 11671
6917 10622
22741 11543
21578 19021
27870 2250
34224 19714
37848 1908
27605 1437
5326 15023
13982 67909
42021 729
17477 15246
25951 11893
3480 12957
3518 15082
6854 47177
3053 1925
14126 6178
19917 23055
15662 14116
17565 12748
33653 25176
28851 5263
9653 1760
4363 12446
15110 3309
32771 707
9156 20102
8032 3090
4785 11888
46200 1717
3366 31038
24750 162
20932 11682
6807 30339
14226 24986
18751 4254
15277 7830
2620 7943
20390 4453
2436 15166
32239 7937
38496 3563
9286 8399
45427 34391
41 4598
17363 17421
59143 367
17900 15585
54954 22795
11463 10967
18820 30850
26946 21856
54572 16616
35380 30131
6130 1249
34619 24046
8952 2483
10863 1245
23881 33837
16815 18623
20664 34734
7298 4893
16516 9363
1191 63879
2185 12507
6209 31248
12157 10625
2677 32710
40449 3699
10114 2231
28500 19817
43641 24375
26262 2199
1138 16570
6223 3063
11225 25975
27514 13342
47679 10800
38571 3192
22574 9445
28949 39312
8296 17016
12089 7927
11305 1115
18932 26690
27975 15409
4982 3933
5915 13807
22820 14612
17278 35150
13581 14593
3322 19018
21435 11745
20993 15975
5025 10824
31380 22914
52021 12818
29708 16883
12729 59137
8018 13414
17896 30822
19792 3109
13695 48435
29120 15639
21213 42669
18879 11305
22632 22761
18459 5857
33235 3533
12218 5989
4224 42142
7398 27806
49018 6484
44889 14445
2116 4581
53890 3447
14714 9206
35547 2399
2806 12316
18022 1462
24759 36938
43729 14685
40743 29959
33175 11674
36554 24072
10065 5658
8203 25733
10857 40475
27843 8164
16017 14340
43092 53612
27774 7217
21549 13660
35896 11296
17907 26428
18149 20712
28711 1833
14934 46939
39500 1878
3076 22544
33076 24828
543 44802
20965 29879
1498 8561
6441 7805
22475 11601
27767 13786
36633 24719
21780 43533
1018 9235
7136 41052
22432 50002
289 17791
29386 8094
12942 2600
32032 6532
24598 18860
13641 686
7040 2119
7220 37586
15455 29579
11477 24108
21286 32761
7382 241
46938 25401
18829 28269
25861 16402
49975 8905
19041 40250
23705 1343
22648 4471
20212 38473
28781 24084
1641 7047
17014 7587
22257 15460
14035 15161
395 39339
65325 6426
39342 15338
2165 27051
22521 40978
1419 39964
11823 40134
7258 10391
9519 25723
10432 2688
21320 24921
1252 5049
7406 39468
3910 24673
46553 18960
5706 12778
28589 7454
5496 30278
12246 14261
39085 35394
19907 23356
8779 18543
58397 48640
10753 36967
36661 24248
2448 5051
4303 12272
333 28432
12478 2058
4871 26532
34469 33242
1718 27020
61950 11867
29881 30133
14845 16232
618 5321
32053 34607
1362 7233
13847 21201
8720 2525
29917 15515
6732 18847
34563 19618
1842 29108
25485 21188
6113 2444
2826 19349
19784 32698
15750 14594
15631 21739
10493 31947
3868 9008
19815 4282
13463 16810
13584 11219
10542 5254
8780 11760
1747 15786
7287 37764
3049 25958
5161 25571
3065 8850
5174 385
10168 34510
9537 20230
46809 38523
18175 14653
9447 18717
29440 32120
42730 8479
3011 29907
22892 7104
9390 18917
8622 2952
13377 10416
21149 22013
22698 11294
22767 5329
11051 16690
20534 39439
2749 4299
7324 29100
61607 376
35251 23703
19396 41290
36493 4455
6237 61066
28258 13052
8777 9040
2254 9704
31176 32679
15379 10561
3595 57164
5838 38122
22896 5784
8022 43064
5959 9439
50079 23928
46338 18996
52793 6566
14438 5678
20338 25694
47245 2491
14411 9285
37179 33888
18765 22923
22438 8209
8308 22680
20499 12466
17348 36269
4769 26701
647 22950
15005 9952
34591 9143
17646 32354
20342 15382
8654 1077
24517 53643
37562 8645
11541 5146
32843 13174
13685 13629
16899 54978
21425 11110
10548 3690
21920 24392
8406 1114
12 16821
56122 31682
19904 9452
13766 10232
4577 21296
74256 30805
36126 8936
1725 3255
3681 11815
1972 16371
33764 303
24911 23537
10907 6179
6931 2192
15166 26846
35154 14802
17375 15846
38225 1907
61066 26555
16574 40987
17088 10062
9883 4303
26565 46426
16180 14095
284 15645
16610 24004
6379 8851
5685 11132
10029 29067
29031 23394
54465 23218
3003 7543
26618 7876
5812 5401
21341 14674
1466 12846
9903 18936
17883 8222
693 12502
16937 25557
23424 1990
34788 10483
11400 21220
28842 2857
42168 30065
9674 8016
1569 14449
39780 3954
5054 10149
41797 12190
12803 49271
694 19411
5730 14144
13879 12389
29825 26166
3537 17933
22894 151
38458 13094
7809 14758
31068 11530
29534 29771
21745 269
7959 6625
4983 9097
11990 804
8107 13474
9388 14809
39006 37234
26108 3145
45259 14779
3154 18798
35062 35954
24528 27674
10815 4488
3569 8898
12094 10379
12751 674
20164 20587
20778 29861
34138 31480
16615 21001
33260 15893
19304 39705
18275 38384
36638 9562
53248 22080
27241 7434
5548 34541
8240 1828
19843 4173
18683 3425
2454 20370
22527 26785
1000 14899
2158 20334
18288 2329
33023 297
6074 9358
16508 21659
31175 12746
1746 13336
7581 65106
32582 8158
1542 246
37854 17007
25874 29430
35335 2727
3426 5981
14263 42398
10677 49357
581 9820
14156 10097
32702 5865
3806 2376
22717 35900
23192 4687
25176 21618
16993 28638
10161 16135
11631 34092
5727 2937
12995 11977
21979 38901
20731 12165
39898 24994
17131 10556
1194 6051
7937 12421
7023 3639
23640 9286
27620 40318
23738 27303
9971 25613
15533 11733
10778 18637
44971 33392
4389 4178
6373 60376
8446 48
16850 11208
11014 36770
28576 12828
38777 28071
10733 33893
1847 19524
27821 10645
24053 31137
31235 25602
43122 19309
25668 48269
36736 31915
14935 41670
15879 26437
22580 18369
29733 13669
60321 1345
10124 14505
2768 3370
9744 30694
34157 18616
11327 23961
21376 13627
8163 6514
51296 28720
27996 11360
15632 7417
14764 3886
42592 11453
21734 31783
21140 29981
4284 16447
14522 34063
8726 9107
33581 8569
23050 11827
2823 29580
8279 1700
6308 15399
37351 38741
20981 40863
6436 12183
12046 19683
10340 10499
26675 45209
7677 8243
19093 3466
51211 42247
10575 458
48851 40568
35865 24619
41515 4679
8378 15070
11199 33439
17892 38700
12154 30349
2316 17613
24870 2902
21236 32111
34020 11190
8192 13694
10986 16594
26458 63388
41564 703
31580 16241
13256 5642
23804 19035
8003 35822
19532 45930
2592 4185
1089 16293
8348 15807
44973 224
9307 15703
9420 25343
45552 13774
14403 31351
37239 45385
1608 35006
3619 16933
952 42914
37646 36015
5413 13473
15449 41184
7582 24936
6574 4538
36311 24378
29006 3945
13866 10019
23903 12351
16819 14280
2861 20994
4220 4454
14945 6799
16885 2668
21623 17191
13205 5856
4205 14968
10856 32475
9868 40536
12160 10160
20818 28453
10288 33661
56691 11694
10103 19578
13158 33830
13192 42605
2227 8839
111 24211
26756 22769
10212 19113
34865 6905
44323 1225
9020 10629
24286 36113
20000 1961
7449 2810
15071 12205
6676 13525
7338 29227
10572 37940
12203 18595
6774 4436
35566 2343
1577 25300
23315 26453
14000 18779
2862 26924
18670 66366
29437 6140
4295 37068
43772 12292
6536 20661
21590 15668
17653 12572
43267 51495
7983 8153
15638 41801
7835 2015
9850 34142
19436 37469
24686 9513
14734 3306
3450 20297
10302 8038
1142 19194
22132 20347
2282 2072
21553 19183
182 37980
7045 38447
3204 2518
31252 2556
2896 13858
22777 16941
9024 23718
43398 32411
20317 21009
4816 3578
19999 8675
12238 1256
3930 14560
30404 428
28419 17017
24781 13620
33734 13781
17211 10236
14384 23564
4143 9767
11555 36663
21843 79571
8834 4153
645 14352
782 13805
52 3084
15855 14137
15279 18069
42002 18889
2949 4771
16570 23458
31863 16097
55864 6560
63361 64617
19847 3413
40156 14486
624 42438
11959 28404
2814 17353
16990 14088
8781 30274
14771 10093
56288 13981
28515 20301
24325 2000
2301 13761
8729 12214
3347 27781
17282 18633
23916 12971
20407 37898
5375 13993
13626 141
9880 891
26480 16204
1258 6896
32162 13419
6692 4302
38915 21126
16962 3461
36606 16628
21629 22361
28561 61927
35718 4688
23879 22757
19280 18772
3940 8320
21049 51775
10948 10695
8591 6004
25400 45072
30635 39713
2594 13429
4476 9113
6085 4009
5906 8870
25158 5266
7195 6677
14536 53682
1157 256
39121 34309
907 50532
29217 9586
32037 49381
39870 3504
14927 8253
4995 1235
8083 1510
17801 36372
28792 20625
22162 5705
13975 5330
51706 18575
33628 11764
5746 3838
7404 29578
2726 13729
11018 46821
6221 15904
25669 1052
13528 9410
5875 45459
23139 21057
18377 374
5935 4856
723 26291
12242 26907
23979 28465
14473 55565
12989 5690
51948 38721
10075 14944
6477 16259
20173 19306
23798 7812
4018 35287
3747 47497
3356 7162
10964 15822
47403 26891
8104 26416
21090 21904
4751 1625
25852 7884
16602 27604
14928 53542
17798 15033
11491 25358
8364 26144
21038 1033
2865 21712
32752 28876
11583 21123
801 37596
17739 4063
15352 1660
17118 21093
35224 998
11218 15530
31351 65226
20149 3669
665 59330
12748 2519
3408 3142
17501 17150
19816 17564
310 16575
22156 12311
19862 3100
29406 23765
33199 17986
25640 15867
9465 35443
8714 14523
3712 54411
2926 10298
17594 22138
32247 17521
7663 1356
21204 9729
15759 14904
4198 6843
5055 36051
30059 4314
27623 5485
2855 114
14184 16733
57762 2
30300 2554
31649 14759
15723 1139
1237 31405
1066 3971
11611 30185
17621 18316
7256 22935
6061 10971
16501 44318
24542 3283
1682 33612
9237 20088
13128 951
4047 2747
20687 24696
10067 26164
12465 13720
14041 42036
10074 14321
13434 1680
24104 19765
6785 8670
32088 6640
9595 3681
20081 14748
8110 14822
21957 8665
14950 22244
12473 29080
62713 6450
11928 12281
9158 21728
11089 5207
5938 29352
12929 6459
40276 9549
14725 37580
48216 5789
9607 55133
17663 25598
42625 22565
11522 8519
9764 18502
25609 25915
19718 42588
15535 18903
15742 34582
60178 34795
4854 10266
17784 2180
13306 10656
897 15216
2202 49945
14683 3436
2003 63500
18861 22
21949 2744
51275 14842
21793 9110
4417 52566
11802 19809
5896 59925
32557 8204
8969 29885
13674 9224
16056 14242
35168 31036
28623 10957
603 38540
2652 4328
47252 31486
35113 15771
6192 19295
3134 789
8955 18313
29162 10516
23080 13523
26587 31782
4211 24151
27537 21714
16236 25037
3458 20834
29660 36011
25923 14928
6437 22450
22504 11684
31935 11361
25964 39888
6960 2184
35340 54552
9492 3819
13296 4181
20630 26623
27683 17562
1129 14081
1480 14838
4600 13247
25254 5133
3228 34955
4247 26576
21079 2117
13854 21073
25363 7895
18370 14263
18039 5767
20120 24092
36203 6727
41630 2654
28795 4413
11570 34452
5946 18180
9154 29309
2477 13220
24967 8761
8939 16173
4924 2267
16525 9546
16868 29061
34294 13280
982 24413
38965 25056
3305 13032
30482 28883
31577 7247
1563 8325
6416 9047
15055 21214
11380 20226
4156 3227
19771 47223
31930 4148
5544 11053
19848 16764
22867 27667
5592 13515
10451 16796
8287 28962
25905 7275
3771 588
13921 10428
144 41405
10586 13133
53343 15459
2815 15243
37802 11544
19665 22187
42853 37578
995 5044
3451 10553
52576 17079
28991 35713
37653 16277
11306 39027
7658 25725
41241 3052
9503 10503
17223 8962
23893 14896
6419 18599
21594 36085
4392 5877
1758 11908
14623 25416
1667 33039
17791 39978
55826 13113
20843 5223
11206 20038
31990 3073
4696 33487
35977 35114
17929 19890
18743 1707
37563 11982
5769 21037
413 7637
4237 1392
4072 20615
8352 919
16928 43185
48995 22929
9940 3127
4257 21765
43840 22475
11192 1563
2712 38866
16798 10541
20510 42854
9750 18768
22764 24454
10242 20628
9677 8506
16517 3199
51438 7307
27217 16033
14854 18540
12431 3910
20705 27279
3631 34552
13086 17083
10764 20140
27518 7870
23744 19953
27523 14952
18232 21688
34812 673
19444 10079
1119 28326
1579 26061
41055 21882
17808 21020
31154 26040
19382 18332
26352 3273
10504 10372
141 15104
25511 13067
12244 5296
11036 30268
1970 19355
8731 6797
14460 18854
25220 5511
25500 9172
24677 4855
48820 9996
31066 1335
6164 8340
13275 26328
18529 7302
45119 46751
871 7428
51802 9495
26423 38391
21257 4908
10305 9853
8772 20500
2674 2732
15023 29248
14855 16785
3390 22899
22779 1097
18099 10838
16881 15842
16664 13572
40530 36291
8229 19071
3290 26370
4689 54471
12427 65071
29123 817
7099 37770
15000 94
23027 23166
24108 24142
23925 5537
12263 1480
8217 29207
10378 28088
1621 835
16478 3951
42225 8141
31379 3572
26811 893
13221 9673
30584 33721
23562 1810
13551 12582
4009 60210
16021 19938
1219 6715
9765 18073
38292 6586
6845 37498
13740 35403
6987 3571
3662 32980
10458 179
17901 16214
14050 15607
4671 42065
25394 35751
51499 25750
44680 25515
11826 19743
35852 29857
35453 4319
27075 28194
4314 15531
16089 29312
38527 16704
18118 3302
7112 2257
3181 4272
943 15987
12114 34655
25358 15204
10531 8413
13893 45465
45028 8551
30510 10039
11519 27
43922 6699
6614 22420
7306 64415
573 56998
19288 22810
27206 728
5050 15279
14667 3245
5471 3390
20384 3626
26004 16105
26750 7889
362 836
21071 8718
577 37927
11392 30393
10283 50970
32343 2961
26369 1674
58266 16048
29074 28192
28001 17996
17575 30732
11456 22449
5595 11550
9602 21923
26456 19898
26825 3351
4909 23697
28574 21509
19274 5204
3680 30249
8311 8491
31427 13545
27447 19575
17528 2524
9547 16039
3531 29824
34648 21886
24225 5170
5545 8668
59347 25419
7423 13586
34113 9531
13418 12686
5808 16952
22483 39184
12890 27971
1296 5222
23629 11485
1776 6534
16735 38550
7301 40127
17557 8276
22219 7610
23730 1252
4034 15255
9458 3800
11012 10650
28974 7646
13808 22724
37725 37387
35519 20117
16312 26501
54876 18106
2978 48158
16627 28738
2297 15633
942 132
19699 5619
23663 19973
8856 31277
718 19268
32479 8608
2577 27475
19620 32672
4395 12126
19786 6412
815 30587
24573 43224
3705 18447
23586 10651
3609 14031
24022 15144
49165 7470
18071 36574
19069 17052
429 31559
1004 14706
21099 34205
49943 39987
37245 27823
32562 15566
25638 109
4708 1045
18848 12141
371 89
17267 38066
2877 13980
31868 7483
3470 5564
33438 33561
8021 11494
31639 30840
8930 18514
26907 55706
52627 8300
21309 3060
5924 25464
2412 14346
4720 3830
9643 31023
13644 35644
37927 2265
20281 26208
15439 1446
6254 7728
30324 14969
25552 2240
38511 765
49676 10325
11812 15837
17525 2645
25148 14326
17571 11209
18920 15035
23256 13095
18470 42331
12365 29094
18446 30855
24231 12433
9535 10470
49636 28993
6667 14561
23654 13390
4855 17125
5060 34588
22041 16896
9658 28191
8047 33841
2515 2110
18969 30651
5016 12111
2100 29185
20805 34030
19356 18147
28811 17399
382 7710
4532 7394
29801 32302
3116 17466
10216 19728
26840 22605
10405 24858
4261 16934
1704 4614
12665 12518
13442 16725
10060 20542
865 14583
17366 5894
19170 14527
30989 7022
11716 44923
5553 16403
19893 50780
40581 28718
22912 1972
6622 12263
5415 28693
20996 20427
4725 43165
12227 23117
22925 22145
23223 3947
29259 910
26891 7170
20582 25356
7289 19664
16203 9596
25292 9551
23432 39241
34196 23700
44214 2456
60 6539
10429 11139
11344 1174
2259 10438
15595 10589
5910 35569
35829 22403
937 16412
30683 3519
13857 7033
5984 36840
8641 5336
26925 19958
3869 14416
38582 39630
31945 23325
10994 6142
18224 12133
2008 5173
6118 10646
14241 8159
58237 11400
3914 16422
14076 8697
32922 30575
15668 10945
7000 20075
17519 6064
39048 23277
33112 41108
2261 8916
6993 8976
26542 44062
27000 26105
2714 8907
8648 455
2345 31097
28762 24687
12896 3987
22520 32527
23661 13607
5882 15968
5716 30028
34918 19896
3947 15727
37036 2163
13999 29261
18682 3075
3755 20739
4485 33728
8397 10705
30894 23690
6874 17746
3967 18924
11243 32449
29044 13539
12269 19343
4467 4500
26974 20107
29469 39551
14539 20546
51369 6441
7700 20212
6708 522
13208 24903
32875 20428
25603 401
14675 31510
39717 27610
13177 10024
9021 29788
23240 5409
14761 31918
26182 29188
29707 46593
282 12861
24527 14592
13140 18310
6394 8903
62190 9656
15703 35616
12202 1320
18789 23915
553 24022
13619 37725
7156 29988
13489 10055
905 8146
3976 7328
266 42848
15066 15485
31997 37341
845 14260
37716 28363
4055 25734
32676 30318
37423 23446
43436 6970
20250 17038
13327 29970
26088 37585
4385 26357
9449 25520
26630 24377
4415 20435
21604 37179
35994 28570
14439 13450
39515 4676
16123 42009
38483 34933
42812 1202
31091 35408
26997 10627
44668 13466
11049 819
25242 9584
53479 15667
4506 7990
22914 26541
26391 31851
33348 3007
12946 5605
260 13826
7368 47860
28691 42488
5614 33285
52347 41550
2553 29221
17411 23844
17370 23978
5670 16297
8632 2529
10982 25877
17609 38303
34504 8609
27446 17681
9687 28262
11968 22591
6750 17283
1085 7347
15655 13963
25621 11376
20933 10702
31237 11445
5948 5766
5680 34902
1965 9328
19266 4610
28700 33800
11126 62979
2335 12757
23012 1000
29322 24785
3813 37685
6105 18012
12236 11227
6541 6673
14446 12132
6054 3230
29495 13278
3056 41319
6390 24953
37988 9889
1775 27004
8395 49242
3423 7899
22712 49276
3275 4732
11003 21251
16655 24885
1534 12417
28376 40862
5248 11695
22895 13259
34315 153
13356 8885
43251 3967
17080 39086
4557 28539
10750 26468
3079 24238
32393 12127
7702 5875
21762 14926
39057 64763
3360 31974
4351 37416
47350 17733
8967 27980
37228 10590
39282 7219
22634 29682
26173 59971
17397 7907
11880 16313
6984 55685
50598 9610
20982 28908
4510 6297
28160 23550
32009 22207
3863 15938
28233 24099
24413 2073
15068 18879
12447 33765
12053 21959
13628 20247
32097 13213
30829 27223
7738 14310
5262 6475
41305 3319
22751 26008
1382 2369
43313 5828
41968 13072
10960 19919
24930 11709
30025 34772
7593 18953
23525 8226
15371 29126
32059 3742
26845 1172
39774 23640
33854 7717
24420 9708
31366 727
38362 37454
27170 39626
7381 31734
16922 22989
2580 474
315 48981
1989 22252
35694 8387
28888 14902
36919 4954
13575 4916
6258 30766
14201 5572
4822 7922
1645 4507
12335 7759
31623 29453
4067 1413
14440 20237
32697 18053
159 31121
40934 4758
13939 14957
27533 15665
16679 9949
18403 25015
15219 44290
14847 12896
29525 6753
39903 15049
23173 6598
13314 19
23308 25268
30975 22399
19951 20362
9357 2895
15363 5761
7820 27438
18428 25670
33816 7117
7698 35247
9494 10220
29903 18698
3407 4624
10154 24349
8612 1317
33316 5080
10024 14511
54942 17185
36576 18179
35981 5001
12380 28536
38752 25424
23610 21571
34492 30250
20697 60267
10692 21069
6996 32509
27874 12536
30027 5824
1802 16014
17138 5192
7451 33630
26382 8353
11461 31427
30188 21626
20477 21552
11335 7920
28880 42045
38889 25387
26993 19458
19501 4514
29612 11724
9431 25950
26715 14461
19251 15899
6963 17086
4793 6047
11483 35173
28508 66020
12254 13982
24387 7264
45915 7772
8246 42292
1472 31960
32214 14267
1220 27637
1489 5539
47818 11718
9079 5509
17642 28975
5048 254
10928 23501
25150 33900
28475 25096
28982 3527
9965 47127
24242 8663
5715 14107
16067 16315
22492 63426
42700 24574
26611 12114
5889 24302
12602 12710
4106 12374
5003 14654
32865 22785
1325 3085
24332 8822
15355 9522
41326 14188
2293 18390
16787 8701
9113 815
30770 5140
4786 44102
55842 31649
30687 8510
7510 11749
27959 11409
13254 13537
1650 2462
4081 28955
8879 10555
10408 40495
14512 20192
17822 32002
26484 11767
8484 22404
7956 21471
28007 24296
9038 31299
22148 18378
26426 11572
16958 23527
7780 29654
30402 21756
57227 5183
47476 11217
11296 29614
4815 35491
26364 16272
343 31022
30782 20272
4262 10206
321 14923
1492 12614
25349 25364
27133 9760
2796 9986
5465 37210
26607 8274
37049 26567
41808 7077
1307 823
26719 1761
5089 52556
12197 37083
18707 6957
1551 973
23237 2460
18277 15424
33778 27732
8375 23998
27331 3108
19397 32511
54828 31673
43714 43
8921 2268
24168 17602
1173 21137
7725 41690
3058 14313
24315 22639
21206 19523
11275 23636
28685 38250
724 48654
4226 9436
37906 4226
13476 20565
24397 8999
10400 8945
14061 25346
20769 11096
10808 513
652 3781
20181 32969
31495 11142
4268 3289
8560 21162
6023 22276
23236 63193
2634 2749
275 35728
33759 2853
22133 22481
344 23574
9460 9270
35672 22074
37721 20383
20308 204
8381 27893
24832 15640
17389 9240
4341 142
27685 11424
6912 51278
10345 12760
18644 27356
5182 33753
35512 10221
11162 14626
1764 20456
13229 11381
14277 3738
26717 6126
18261 28073
21959 4838
23277 48686
2711 2113
4479 4741
9364 9501
8468 8381
7268 18667
39557 65698
12982 7995
9083 12067
6101 11146
38859 34432
36340 8517
15507 17882
14488 25020
10409 27821
30887 3799
11576 11261
37395 53402
1288 2014
2013 5911
24774 34962
18928 40759
13945 15039
20545 15550
21025 26757
8985 23125
5998 21122
2047 1773
38617 4077
32561 10468
47676 5724
23766 41998
36614 33089
8399 9335
1088 18217
30984 21285
16352 20604
1437 43668
2836 27003
47334 36425
11670 3172
6554 12961
133 7178
31995 22236
26557 26461
45453 31003
10829 4083
571 25324
22496 51914
15051 13865
15827 17428
14284 3232
6430 4573
43981 5595
39721 55849
26545 18268
40099 20894
29502 29611
34917 7761
35000 21600
11349 19818
29762 2272
40609 15830
30660 829
24807 9982
41559 10643
33988 51684
7696 5505
30681 32762
47362 21683
22710 35987
20297 803
51516 28243
19122 24859
17568 19140
21263 4161
24215 5238
10939 17229
18713 24835
43575 4998
21463 22948
24016 34404
10108 26570
38406 40680
33429 16223
6619 59125
37321 26127
30801 47914
18495 30801
20343 4774
32002 15402
19612 16734
39362 18574
19150 6394
3894 11105
30197 32290
45027 26493
53786 2806
26277 30573
106 5483
268 10317
15916 40100
18749 14292
7218 39890
24539 13445
16898 5982
10480 21885
30531 5099
11798 17485
33006 12660
7656 31570
22884 1340
33777 34087
19548 13701
7742 1287
3650 30586
10201 33636
5904 5644
3763 12765
36715 20415
12518 22561
13348 48749
17442 2297
16666 9207
17106 16562
10784 7959
36652 4011
17414 3441
19073 9659
53116 28333
41831 3285
15877 13413
34880 10219
5991 29503
10854 992
14040 2447
1225 53212
3474 4013
13752 4601
59548 2270
20086 4645
11122 48881
11772 32525
2263 1078
3241 12701
48788 10076
33255 16981
73686 14164
44670 23722
8057 35262
318 34523
3830 32658
1686 10306
22748 13859
14516 40597
16558 24049
15069 16675
29617 16610
21634 9272
10250 7620
10469 44647
1197 15184
36777 23958
23710 32880
8196 2144
11837 23590
45773 23079
12494 10901
13066 47612
16503 17787
1484 29294
4179 15756
7219 13921
18531 3629
42887 30542
13993 5852
23883 53945
4370 24810
37323 21368
4930 3916
26020 44842
2535 8739
28837 34000
25675 26237
36712 32813
13648 17638
10847 33486
3319 9787
36470 15681
3528 26007
10056 5711
11428 28309
44864 10064
28770 11542
32167 28460
39656 19540
2215 28265
39240 16029
17926 1775
19194 4878
6472 23685
13449 23911
57419 9721
38280 2768
16945 10829
27739 35882
7578 11660
8147 3980
17800 28047
2146 56722
117 54383
4905 616
10027 22834
9733 6407
16177 26969
12676 26873
13169 26151
13899 10517
6456 5757
28256 17291
7713 36347
50700 19677
32558 4505
2773 2474
19724 13200
38326 6374
44519 28750
38968 8984
63711 15803
11897 21197
32441 15666
33951 26488
28910 20752
4043 13356
15211 1367
1359 13915
22792 2064
14266 1922
25706 16308
42267 36236
17050 12328
2078 46261
41866 5387
22086 19192
51431 32258
61769 19895
9713 5568
52303 23662
3809 35060
4366 25354
1210 3423
2885 1859
15874 2246
20689 1369
23500 43018
12996 34887
52149 19000
40362 3320
16917 12901
19506 25653
10439 6185
22963 5944
17072 19259
17645 11181
32179 50549
26209 28375
7816 14962
13985 31700
19804 44276
9536 15102
32186 57165
33385 46493
10268 9139
11710 12448
17625 22535
27904 16573
18761 67782
2159 36940
7519 3355
12330 14480
24792 1180
4756 14630
17210 11201
15515 41999
531 41899
8184 5933
27012 21536
23483 26919
7670 9500
19671 1747
9691 23997
15305 13716
21448 28845
37447 4938
35635 25078
2982 18110
7804 14281
713 45345
202 293
45123 29230
18201 28642
2794 3503
39984 13011
44898 11147
15195 4086
14551 12704
30102 3267
1275 294
4280 28270
36390 52896
4181 19301
12830 5307
44000 9366
3438 24838
28225 29708
762 21931
31254 11383
5284 43472
22009 17899
48957 35288
3711 6897
29873 16348
17797 44501
23377 22771
4079 41311
19647 8585
17637 746
7128 25521
15212 4705
21562 13107
13414 9873
41171 14844
19084 2578
48803 20124
40454 10831
10046 72620
17006 9064
3328 27082
23549 2856
40872 5245
10461 43932
14353 7588
4345 22876
3140 57665
6352 206
39383 10032
49775 4041
33422 25033
38663 6125
31817 47920
48546 9137
26049 27780
25033 32708
24758 5213
2680 7964
33550 21902
6797 21151
2374 7792
21801 5002
11458 9859
24809 19875
30559 962
3000 15341
7162 5098
14731 13097
4937 13167
25226 4735
11651 15271
24506 25448
29589 13432
14483 12973
2582 2079
43314 21813
12938 5314
63054 23420
14691 27376
2353 13617
35242 16172
7361 30599
27577 21354
42052 5472
6252 18744
41003 77
99 2784
11634 8010
4349 33471
112 8292
22295 10108
10280 31004
2276 41164
38521 1584
27633 9805
15233 25208
2684 1009
1052 7860
17540 18861
28124 13744
29400 10955
7791 1651
45896 152
31488 37595
16617 4847
95 25441
3718 50540
34711 36184
18341 28550
46824 3
20096 27307
21191 23802
37875 24714
37144 7370
4858 36249
32973 28399
16730 2736
46906 37535
6863 50138
13050 12401
25745 16255
1950 13046
18965 5059
22889 51693
25885 22599
3691 7835
6824 7729
25314 32352
18903 11434
27791 16004
36363 21752
20290 23234
16390 16159
15783 2262
8774 14241
30803 61449
3525 32134
28448 26259
10015 9799
13687 38069
30589 6238
6685 28413
4214 31125
4567 13357
8700 59296
5241 35916
5101 26776
262 30937
12305 5117
8294 35000
33716 44298
9664 17319
3093 13151
6511 21912
25575 4031
8284 11371
21718 3019
6789 3374
46320 20684
53698 20205
16499 14574
35783 55587
4684 2919
13849 39558
25572 15031
37274 51616
23293 48513
22624 338
12916 17076
63988 19555
14835 12422
11117 11681
12299 9802
10682 199
3321 7396
12291 18803
12371 25283
13199 20697
6066 15838
30250 23220
28675 6540
38650 8522
23326 29920
16959 15124
25138 4979
5451 16584
11917 3024
15309 33365
17196 4156
15793 22347
15382 38615
8745 793
31008 7493
5309 3338
11839 7978
9510 9058
9675 11804
4613 11411
21885 27118
30622 12462
26003 12951
10413 14613
11026 13061
26802 39033
5457 32808
10640 7150
859 4576
25807 38134
15117 7173
15331 34316
33897 18284
33027 7259
23418 13602
13784 14083
7137 41273
27497 20249
32468 40405
38283 38937
33633 12538
29135 15345
42266 25147
14802 20181
9468 12087
20592 14405
28149 27284
19433 22836
12151 1815
36102 14618
1479 24590
12845 21310
22434 16349
25734 47971
28171 13940
1251 15005
25041 54003
27803 16463
6989 33052
30764 31906
32824 42433
11904 29139
9184 9141
14872 23470
1178 6642
15339 17072
29826 41310
14836 16698
62909 15416
10478 23637
23136 26469
28486 40880
14818 7593
5071 23329
11698 28476
40345 3071
2196 324
18873 29894
3715 28603
10951 35323
28457 28817
11154 36834
41704 1524
2371 17327
30209 2792
37142 55196
8605 10818
984 41579
21821 6521
24818 25105
19468 21120
14485 50398
5260 51633
28382 12147
8988 25964
40286 5538
12415 25859
31871 781
7502 27102
10935 5672
43661 17802
18566 48518
42489 4053
13842 11919
12441 30361
17859 6273
16721 3197
28397 9773
11393 16579
278 11075
13576 55794
19148 41079
7437 9839
162 6628
55682 3655
15306 19520
5014 7095
13519 21767
11005 42304
42558 24198
2841 6676
43028 1593
17662 3103
27762 34857
10663 51207
65304 45509
5269 21847
41691 27514
15172 26731
14478 27876
3669 6682
17932 17407
58465 6595
7487 32877
8980 37741
4376 25342
18819 2258
14362 1093
46971 33228
20972 14355
5825 20479
4437 35798
22155 40851
11858 17881
17192 12622
12076 23657
26475 16903
22327 9332
4716 8176
6060 30297
12316 52097
33503 36645
13677 9103
8847 20593
2265 36473
17720 30080
2487 9953
26886 43420
58997 44171
4885 6236
8244 41793
23816 3867
16870 10540
37046 4798
7405 39528
29131 16032
8165 31701
37732 12567
8671 11508
32470 5830
23201 128
37934 19078
17611 57703
22766 46122
1348 43971
35134 4543
25849 15145
22008 21467
24096 30848
29364 29583
17655 47926
11471 1419
16190 13320
15399 11456
16991 16613
26164 23666
13748 4568
9654 25131
6644 26308
29045 7431
915 33712
9404 46211
6908 2911
51853 11581
4330 6997
1820 23554
36612 1176
27036 14243
6581 4857
37110 8754
20148 15492
58111 17714
13788 11837
7554 35090
7951 17861
47692 6120
9317 22511
24986 17645
45448 15924
9266 17286
11763 5476
6103 125
11816 21584
18062 50412
12712 5468
19097 40307
295 2868
21189 19082
25906 7093
18094 24817
4362 14288
29978 11281
6641 36926
3510 27207
4184 14682
15477 49783
15682 3592
25396 47180
11740 19283
442 40229
8828 7970
6399 21548
4914 12210
18586 21844
22283 37681
29659 5129
10651 18445
23122 9654
16840 6947
34785 4004
48805 4078
13345 26786
8204 12187
43393 29789
24117 49398
12192 5723
15907 35416
11195 14305
13445 2708
22681 27133
9042 310
29897 26458
35858 6918
29210 29446
16358 11487
12366 14413
33326 12335
5671 28014
18330 19729
2462 27044
5400 8792
3144 15788
279 44596
5821 14450
29101 6790
26504 7892
1541 3796
19805 14647
4630 19266
28156 27796
21877 28547
17624 754
29392 12361
6610 9437
39556 5126
370 24481
1799 10875
20653 8499
616 9520
5649 27165
16857 14812
2043 28612
12384 8796
17717 35655
19502 29003
8872 2941
19615 15978
45391 44880
3224 15608
14535 9865
29573 31092
16306 7949
19626 16581
2631 18433
7248 1039
29685 20167
51420 4651
31365 16512
31726 1291
43680 19466
24454 37512
629 6301
51487 8854
25290 27006
38340 18966
11480 717
10120 42576
4709 9446
28830 13478
13089 39219
18592 5142
5526 19541
34895 2504
18320 32744
4742 12302
19673 57616
38957 1735
1416 5906
23427 39081
20153 21081
22594 36142
10645 35662
37066 583
24499 15211
17574 38662
13751 15526
6249 240
9120 13787
53672 1044
644 37600
447 14011
27730 24011
20468 54678
23388 39673
36039 24518
3917 31870
16353 12333
18860 430
33891 16827
2304 4186
7233 18194
11319 45303
20202 581
12142 16384
10752 2863
46850 11971
27864 9448
2951 35078
219 3170
3673 41463
1836 9574
19067 35199
21269 20855
15183 23319
1567 13683
9983 8166
16669 8137
28440 20666
10916 11924
65298 10392
38823 27543
27342 8612
24314 2860
21296 36349
16076 2794
976 20439
2612 5661
11803 36125
42302 12816
12768 2797
9336 16209
45893 1123
19282 7731
7608 38018
34923 701
21455 40260
3498 26636
8782 10240
18340 26913
36558 391
22401 14651
23783 41936
4758 6040
696 36693
34201 35208
4332 22056
6476 41663
22289 19878
20285 7703
1195 17769
5510 13903
42986 17914
3601 19437
21297 21086
719 11438
8281 19304
13116 14162
3556 17468
12332 2440
45243 7790
23164 3137
26472 14408
28572 12371
29585 23642
4136 31717
3707 27564
2584 6452
820 3729
35050 12105
37492 33026
23278 18290
16013 39580
2700 14571
31139 9115
3051 24584
17537 32754
35615 7296
12990 420
4404 15906
4096 29516
8590 34644
8927 12096
5068 16407
8384 5101
32780 5097
7897 36420
15089 33713
18160 1764
24782 27765
18952 1568
13522 40317
19134 23174
21677 14003
791 23775
27925 28835
32428 2818
2802 27280
24431 8034
4884 40396
19739 7873
898 11394
1010 26419
3943 2335
8366 2704
25105 28777
8853 9127
30617 3201
8962 39000
21536 41235
12082 348
20489 24601
8855 3045
26880 22885
19528 23279
44625 2475
9332 3970
14017 3861
16468 24744
7932 18933
11410 26565
37528 4323
2430 30551
31800 10370
1306 22160
15185 20004
22664 48061
34535 427
9055 25039
17562 16034
3658 25683
23413 17625
3741 26980
22753 5647
18448 18605
7564 34388
1780 21212
32899 7214
13170 12505
3511 10408
18306 7321
53931 18697
16406 12962
59936 22406
10068 13791
31533 3054
17628 10624
4819 16005
6868 27147
7953 2269
53199 28484
20244 18
2320 10034
21319 24457
46358 9634
22361 17198
2269 34649
8408 23184
15978 12908
3878 5553
8221 1198
28708 1995
23262 12271
41218 26660
24516 7495
35954 1224
5880 18904
9886 51784
2421 183
4472 4931
2642 2253
9635 44737
4534 23228
17597 19327
12968 29463
23205 17225
43889 948
41943 705
19138 13966
19652 40826
1064 4947
47928 1292
24485 13126
15957 15008
29234 3381
45430 43727
9852 56317
4032 23793
7320 12456
23336 4406
24780 50582
21284 20915
25723 51520
29768 1737
535 9324
57165 8086
31213 24748
459 17711
35425 18713
9515 25944
17231 603
13609 12077
29262 31114
2791 40111
10048 17243
28050 9028
3663 1425
22706 15509
10353 3586
12181 26962
39608 1407
32148 20426
4238 25812
41871 931
41542 13498
16243 23285
11550 6271
29177 37132
32284 6774
31848 14489
2561 4223
12131 30625
29587 4629
36933 11148
1454 12469
48637 12573
12162 55370
33344 3567
29408 6754
15226 63657
25097 57338
6467 24145
424 19583
5242 23925
26620 14815
9327 14212
7529 8367
9164 3993
855 24533
34689 14228
28454 26810
10665 10254
25227 42989
1353 2953
12119 18002
41813 19600
30001 12346
7787 9284
31979 5024
17508 4922
10550 9944
1001 2295
17955 8048
24180 47063
11677 20033
1916 11384
24061 41006
46125 25471
6143 25891
8534 3480
14976 36542
14147 9419
22372 5257
178 14303
18297 32834
9028 29274
12183 15799
28468 13389
16007 8642
38790 28274
24114 4262
26754 31241
9071 10894
588 19732
41042 35599
41446 13078
57965 13762
1132 21754
7800 4611
13372 46086
32518 9401
29242 15198
22002 15374
1246 10734
14055 23857
23294 651
26605 12288
45132 8192
5443 20812
24603 32568
31524 3953
34916 13591
34127 22880
28786 30167
14143 16517
51514 50214
9804 19971
23833 14645
34983 6385
28369 18654
25268 5105
22031 31664
35164 18925
15169 954
650 5597
10513 2604
10670 16678
13663 4832
27920 19196
25210 23062
36898 11064
9129 25226
31266 5176
23565 31802
37513 443
31049 28958
7189 17781
16429 56553
835 2039
10988 30113
3314 38941
36591 38255
12920 21455
5049 9112
19159 8179
14939 1349
7911 12638
15498 43955
28145 47976
14588 1063
7297 21581
13028 9030
14899 719
9902 3581
1564 29924
666 7577
11292 14854
28422 12845
2039 34190
23351 27949
21445 24470
1373 13062
9385 6198
193 21603
10496 16062
16790 30371
11607 16205
29895 6933
17497 50969
21420 23875
14054 19557
1227 2774
286 11225
5361 11103
8177 9803
21246 8639
18809 24369
13547 10797
40066 15824
45822 45482
51299 22368
7723 23257
7550 20868
23415 11213
18924 19265
23536 16515
15397 10588
20455 15186
49554 22517
34505 20564
10937 11532
6855 3537
3835 20826
22457 26348
17350 5006
31614 4337
8564 3104
5083 18255
9891 8863
20493 36297
18194 13006
8983 28658
13869 20633
40464 17706
400 29170
22302 30287
1349 13548
17804 38459
44628 4374
37501 9625
18953 29676
37506 18571
38491 16954
29732 6543
20450 12977
47861 20418
10812 22642
43180 12484
12752 9806
536 25720
24636 25996
19446 18089
48437 9851
38676 69897
44740 13024
9604 6694
3632 17372
33405 7893
3105 38200
27227 30532
6452 16518
13758 2024
32352 13944
6278 17757
4441 3798
2137 5210
18677 378
12340 14727
640 7594
1917 16939
28669 24138
23941 13514
10936 27972
4471 16059
38541 67601
41671 17090
6137 15905
794 21447
28950 11828
32836 3161
24202 26295
23886 2838
41790 25655
966 30059
1788 17707
15813 11002
11922 58441
35204 37795
4935 18940
16441 40767
17373 3558
15714 22661
41960 66204
10851 40512
13129 41845
25399 10178
17917 1830
9146 10003
2941 36421
1163 11546
2693 609
47176 1414
63692 18565
789 47550
37082 6857
5529 45242
24710 2226
10099 19296
33373 24172
12462 5157
33718 35184
11246 8464
52880 10090
7453 51963
1086 47259
36491 19070
14237 2997
18021 14720
4749 1012
12645 45354
2120 2574
4369 26625
1531 12935
4678 43760
19591 19034
44980 36827
2213 12836
20161 7278
17120 52415
34461 43273
12109 29547
3403 28505
4970 19271
18496 27315
23077 14336
13068 13820
12655 10792
17937 31671
13593 21011
34484 12821
15165 24846
15437 7194
32354 30879
779 3762
13988 649
7466 7747
34210 26065
16422 6334
46287 30648
25893 6159
1926 8109
14371 7795
48502 21165
39836 13109
10809 21738
30857 48311
25768 7119
2596 16819
19871 584
13567 41103
4646 9090
37770 1577
1393 16247
26305 28668
4080 25769
43576 20361
55835 42073
6557 17378
4138 48712
3523 27687
7731 16595
33178 1143
1112 15541
47424 33581
4650 6960
5559 14399
9959 26044
38693 19389
19426 23261
34852 15615
823 2793
11884 235
23276 6761
30023 27549
11517 25932
2617 175
39266 12885
7597 24755
19986 4529
11384 11812
16370 28061
27001 48656
46098 3471
24640 7536
23481 9274
1678 39671
7587 33912
9989 15713
35740 25174
42476 28319
15035 24379
10190 34041
29600 9937
12945 10016
20213 22162
42469 7924
35879 13596
13415 52297
22680 5318
41995 11491
22448 22830
2895 7832
7102 33396
4142 1725
12822 44478
37619 18587
27234 15614
23416 19849
26720 12937
55056 14073
2856 25049
15673 17589
20574 158
2222 65907
8480 10161
2098 11882
28073 7055
17875 28250
10515 25494
7216 29018
2554 2506
2542 7691
25442 23565
39941 25490
6803 143
28654 10111
11046 34506
41212 15946
26968 7191
12101 209
7088 8092
18399 3271
35654 6431
8750 9269
31409 7102
8991 35772
17588 25027
37618 46320
52049 36273
17377 22188
57138 3783
36926 13968
29183 9351
19817 10885
40994 22005
23082 15355
4091 27662
53204 22715
23437 16766
67264 21456
5327 29301
38446 24426
11789 20106
13425 32626
12005 49807
52998 13228
36854 13529
14640 15420
41570 27067
6796 5023
10925 34551
8061 12418
14211 20958
35842 40846
9059 2464
1352 61925
11413 30388
31188 41826
57790 29385
2252 11949
11747 24580
37119 10081
33168 6193
19512 26163
1336 12370
1875 40977
6694 16945
5784 35054
2589 33939
15636 32311
11896 24362
50414 39659
10749 26943
23869 29836
20980 13363
1367 43646
36758 28617
3676 20795
50912 1456
1893 22842
19590 19175
41409 24631
1028 1801
25113 8958
11442 3369
26643 30395
6147 28196
33251 3028
27320 29125
6751 2878
3273 9011
51910 17823
57094 15000
24842 44580
5200 24226
29962 26968
39465 22522
27876 53101
29731 36102
10239 13314
23897 47548
26266 47372
3642 33032
13081 2320
589 1190
28095 13191
9849 9506
6859 1757
1273 28647
24581 23422
25284 17713
2694 39541
8060 32130
849 18013
33890 25726
1005 28463
6686 35429
8420 23363
33940 13461
39236 19242
22827 50588
49526 23507
31273 519
1937 50587
29241 13120
5632 3835
3553 22493
1767 9910
4812 39716
9840 42810
6127 8502
16268 49936
7480 26052
15032 4976
6348 22154
4624 6749
18748 71
20826 35906
35649 17132
14281 47093
18684 6666
36683 6478
3883 10616
4121 2670
61540 5888
40788 27171
2246 16723
4180 30489
15349 27998
8953 20759
14918 25407
33533 2168
21919 27348
685 3049
646 21528
25580 44415
59475 4622
23589 16006
16601 29367
13731 33947
25201 17429
32387 26686
51107 18962
26275 11085
47095 747
7021 45278
4925 30161
13948 29476
53331 34627
14240 8250
5440 48824
3647 5369
38378 55138
4959 33558
4643 8703
40062 12256
14989 4845
31304 25013
22309 23252
27560 8919
52214 12534
38436 53131
21199 15101
9720 25345
3909 12278
24863 37404
37509 37867
32173 20715
13022 22416
38388 8929
19332 27240
15562 2803
13984 28455
2676 29122
42828 36277
35040 38814
34490 11525
23482 20808
11256 1544
2203 6067
5851 3991
20503 7864
20035 13333
49255 16421
8899 9504
6733 8552
29994 11395
5533 19617
15973 8733
34576 13985
21707 36850
17383 9601
18441 9281
13624 2487
20590 20510
17496 21046
3481 10542
29703 7207
1222 28634
20669 15164
63363 2282
40557 29239
27392 15606
44788 48767
7126 1765
18155 29337
27736 44757
42833 13518
6349 7375
15534 1384
8773 7046
12520 1711
20269 11640
18010 25580
14969 5055
1944 11311
45005 37044
19473 37265
15461 14541
15585 41314
814 354
29599 18823
34377 16605
23718 3474
21600 24170
24203 42165
45227 27862
51861 3754
7671 9976
35661 34196
36004 38503
52350 30583
4276 33748
3071 360
37570 41038
12250 4058
8565 16379
47166 2999
56533 33930
21474 47049
17307 827
52054 35863
43078 2934
28960 19566
19954 1290
614 4879
4903 5628
3534 36139
11511 34467
39498 24556
27910 53071
10569 34230
29136 18164
30254 14623
1839 11015
32853 4695
40475 20766
12613 31832
53047 32870
28102 6528
15691 3908
12540 12717
14936 28271
20709 23960
11753 10117
16092 49734
14916 15283
16699 10700
13206 25086
20470 26426
23120 12178
9331 3845
42888 115
16851 22101
45144 42682
29887 34527
23532 25768
11535 19543
22200 2099
26221 13964
22921 18405
19308 16869
13634 17875
11923 28277
6059 5827
19363 52809
1681 29410
12266 14816
10832 16908
23018 15380
8035 47013
6705 37875
15641 5421
23888 5184
16391 7134
31905 43299
9262 23488
11793 51215
31858 10217
30322 23938
13340 21597
35612 6901
1865 26220
8168 24754
15814 4722
1948 16625
30087 30483
11957 19267
10850 5295
40211 13349
26903 4038
16753 5457
2056 441
31906 18598
8661 47992
23218 21202
44828 12993
12777 8667
20325 30352
21757 242
24038 39526
34364 1479
728 2050
19772 3404
7819 22681
43622 51615
25122 36022
15014 2563
11521 5941
21346 16246
20058 23303
12099 20082
17139 16031
1180 3617
3758 38249
1455 5691
32070 24978
23686 8036
44276 9192
5462 74284
15798 15464
29401 17398
18492 17794
7124 30512
28061 13901
21651 2432
1598 4442
15816 5020
7636 27872
379 11428
22794 34972
11850 9807
34402 18478
1955 1742
4127 16635
2255 40575
17722 38532
30354 25766
7497 42239
4955 54038
10549 1038
37173 16643
21163 14119
62565 14080
53712 20490
7008 19459
26103 22816
33238 39445
17524 13253
843 36907
27071 41858
31785 864
26571 5721
12728 17840
14020 55949
8553 17816
23782 24610
15893 4320
36127 15207
9621 11754
14741 421
31417 8210
18656 10763
2925 44086
12902 10833
30038 8105
16425 12804
24493 12988
6534 14943
39329 34211
9513 12427
11137 1618
14851 9275
14207 22736
3253 8009
11584 12863
3219 19312
45087 37803
33121 17238
2303 14225
53283 12024
58283 2973
4513 33684
5995 37772
13706 1378
23790 37462
4354 11195
24495 1532
18909 10871
2144 29377
13404 20355
27172 18226
14810 31117
26320 41990
7443 22882
27990 3120
14157 13931
2343 22677
9475 548
1760 19800
4165 18230
21004 26136
14397 11545
18385 20087
15586 592
32611 15693
25040 17365
45458 2454
4325 5189
14604 20309
17040 30038
33191 6689
20765 37896
47906 1716
2717 20993
18172 13868
56587 62705
7296 23599
19124 2224
19635 31727
24626 35647
35130 4959
4990 44852
32568 26676
8112 6316
40404 1888
13027 19983
14462 14013
11619 679
12100 22982
22049 31730
11668 23892
39504 33983
16219 19640
4297 14783
10565 1556
58145 12303
15389 5033
25055 9827
46763 6868
26351 4559
27809 4685
3890 49668
4796 17092
42645 27793
15830 16833
10197 17057
12547 17480
38419 1262
12692 28804
26053 16237
2879 22582
16473 32941
43754 26262
37098 6202
13886 21883
18692 8275
14650 12232
13949 9903
43839 39031
28750 31950
3400 4496
18146 560
23535 46564
32730 29534
23485 12404
9450 31873
2560 7439
7542 13876
1211 13463
8461 8110
43302 24094
20320 53462
26651 11769
49915 33453
16686 33639
25170 3282
48442 19615
32185 28105
37132 1455
3298 24134
911 31712
2669 753
2426 21358
12368 35
5691 1844
26760 51560
10566 10407
766 24641
26972 16963
7979 13154
26524 37974
17756 6866
18312 34770
11146 13485
2809 2681
36523 25307
10350 6865
11658 23783
32748 18949
12815 15710
25259 14652
3375 1215
53578 4001
11799 8738
16715 660
7612 9862
4455 8039
7517 6470
17772 24133
40171 16917
19331 6639
35863 11515
30284 13739
15592 12005
3311 35441
14560 11250
23456 23985
7028 29224
2133 16118
41991 40839
188 14051
31949 3792
66446 20830
3679 23342
11944 1839
16158 10230
8228 30005
1267 2266
1729 2702
25530 51336
14099 31635
39773 19412
26238 14457
26616 52445
1914 44966
21803 26353
17620 594
31567 3530
19174 43545
15811 25884
46380 17561
42696 22941
597 25522
18290 39805
15445 7279
13599 29843
678 20881
31215 28210
53982 26404
20122 7215
1709 10505
57471 1193
41408 20243
20979 26149
10620 26133
31490 33146
6196 15551
8080 8101
22969 28569
22513 4371
2719 22694
22346 23449
6795 4149
79 22947
908 26199
30228 32589
44312 24409
15061 11855
1495 1015
4966 5587
39058 6515
18138 37003
25044 21224
8120 14464
41682 30793
36072 7017
34717 8513
11921 14200
29007 8944
15177 11089
2077 4700
33655 13148
4273 43500
31285 13082
3570 38220
41668 28165
11452 2433
17266 34869
32944 54731
33393 18737
18845 29974
16197 36575
18405 26917
17167 6488
20562 24006
11443 29087
31948 49177
6611 10674
2789 11235
44212 351
7271 29021
14940 11336
18523 22330
50493 22137
7910 19341
210 28214
11496 33842
30599 6290
32117 30736
15015 26276
31124 9765
17051 15809
21568 24972
33364 56026
170 24942
16547 1421
39245 2038
4451 219
13146 6990
9199 29293
13016 56724
32242 28631
37304 22820
15334 17852
8800 9282
28372 39402
20097 26310
24446 1214
18335 2687
3732 40178
1430 44692
30799 1275
50140 48155
29048 17351
25336 24628
2763 10810
39093 26655
24222 37690
55901 19696
49295 25205
26551 3298
26987 13635
330 25833
7774 9067
40946 44313
4605 20171
8385 5358
1712 19137
12932 37420
13714 15716
1124 13254
587 28843
37827 12803
13935 3147
2451 15182
32979 34514
22452 23331
19454 35632
6315 1623
23287 25872
8103 8837
29719 38084
25103 29799
1843 13285
9076 1772
10289 29523
16964 15248
10231 27506
24223 7752
20006 23482
7422 15502
36360 111
20247 25911
15081 21585
804 6555
2001 30893
10436 2397
31629 9006
34435 30381
37020 3399
10200 22839
53641 4360
33953 21248
1661 16312
59033 58869
22011 1347
4802 44513
36273 32117
18718 19798
8551 10948
14636 15180
7651 9442
42125 41549
18618 10648
48156 12015
10993 12227
3087 22026
7974 34775
11886 4746
23641 38871
12356 8273
11229 11254
27173 6737
10156 22095
19169 26388
5787 13400
6620 7590
17911 15908
10990 13404
2027 23895
3216 8445
20937 14091
5017 10173
48882 34712
3997 16634
12272 18245
25460 29325
10602 8260
39820 7447
5489 49333
13029 10086
36855 176
15358 9081
17255 10057
7383 13112
8662 16602
12359 25830
22493 46204
2188 29292
9370 1402
1399 43230
22730 6906
6433 32617
15062 13468
44205 15423
3218 38852
3410 42938
16189 27850
2238 12486
6343 3181
18002 4608
7623 47685
13996 49955
33330 9774
12125 60457
19059 28657
48055 2664
493 22341
30119 13289
12018 17320
35874 27831
20859 13123
16112 27695
29790 11734
653 17285
11713 6808
9841 18867
17938 15503
45762 6208
9562 17186
19890 8563
4189 18274
12823 3332
19757 22164
4110 36835
23235 62017
2044 949
21251 16065
45872 2996
27950 16269
22613 3344
26669 15695
27196 33764
6657 18101
2151 20705
10853 15970
24973 10210
44411 3328
22782 25965
40359 15469
15414 3122
27722 26762
6480 13069
23649 3419
17579 12756
15406 13592
36869 15191
1413 4422
27899 43976
11729 3633
21864 2386
15140 36529
816 28924
45306 18553
11766 6306
24072 19825
18938 4974
51710 38454
18057 2443
34169 16722
16867 8606
26785 32823
51042 372
34808 36738
4475 11387
36402 31338
19157 33977
27287 29357
3849 48051
36065 48036
841 30637
8656 2521
8214 8713
21136 33532
38524 24227
21304 23529
9793 11171
4658 3318
44624 61
166 34548
27250 5433
7046 8332
24409 12002
27580 2545
27254 32214
8736 15001
53227 15964
1909 27064
17385 43507
2769 13941
23929 26004
5039 21753
3385 31098
11282 28992
20743 31112
17644 25531
20116 7896
14412 11931
31671 4244
879 7972
17311 31637
12058 5882
30407 20768
30151 19857
22619 33965
13204 13538
7352 16971
1409 19407
60535 40428
44879 40021
13439 2781
33198 14125
15228 31796
11040 9209
8036 12545
1369 4383
36241 4564
12122 12968
5663 24606
5057 19375
36964 17206
36228 44106
17107 20049
48577 16924
23628 30188
24305 761
15817 21745
32755 10141
32350 937
20585 1915
9839 7944
33131 21178
34623 1705
30000 4336
26540 28264
31128 349
15600 26077
758 4428
14631 23669
20524 2471
31898 18820
6175 47163
6131 7528
2828 4449
4104 8811
20684 11017
11185 38954
11919 9258
35057 7250
25804 23794
20904 2229
20485 14707
11265 17516
24122 546
26075 29222
18456 7231
18427 15776
15244 4255
29876 11023
2552 214
17277 15403
27200 2994
29102 2925
38143 11285
3765 27600
28934 16871
18227 7897
74719 7308
34117 3646
13973 21939
22553 11068
24881 22952
9981 11885
28813 48705
26536 10305
16692 22422
45337 18655
33958 20020
7015 8256
33741 45432
6125 15068
14975 3210
7171 1758
36302 43884
13942 39181
3652 10480
10631 31484
1432 3885
2121 41900
10375 43998
3506 42538
7123 21604
16218 3849
499 31773
5329 26242
3148 3000
16705 8556
22316 12030
16718 3825
11951 19167
5764 2310
30812 9377
29481 9691
39535 17696
9669 19449
31889 35213
5206 14049
16396 9253
9803 33282
26505 346
22186 9948
24472 4024
6311 11805
29925 49965
2479 25302
12511 13175
63630 44251
36378 16495
1915 27371
10252 1794
8259 37347
12790 46232
15466 38241
17487 20934
29216 46745
36967 47066
39537 37992
7693 6261
20162 36863
5181 11326
9518 30471
4799 7356
1116 9460
1961 30514
11636 18071
22836 6492
2954 32423
12013 19996
10611 19949
17449 18026
520 34563
36331 50
28640 37849
8844 13179
5771 16101
19127 28942
19414 22904
27388 108
35779 20202
10686 44449
17093 33717
299 34720
13034 20582
8405 48878
12477 11809
6191 4327
8597 9356
60246 50758
27410 119
13822 14339
1294 2632
10488 10903
6784 7957
5387 27066
23604 6826
26101 18210
23442 26444
4746 38059
14896 16555
15034 16531
6633 4978
2338 39278
33911 46962
16956 1188
6122 23065
21484 26010
7019 12019
25927 2321
1548 9491
48678 17651
32573 25148
24347 32285
34163 2222
26330 14552
17480 35356
11174 31138
20198 29353
4093 3759
12150 35125
2198 18928
6635 23530
32893 26450
26405 7013
21500 22424
65 28589
5677 15220
32579 41968
19864 11987
30340 12932
7106 18688
41322 25565
46687 22249
25634 7139
10116 2969
6071 7005
24933 3591
26058 10342
20617 37370
14116 6161
10923 19430
29099 29046
14745 9888
14886 8937
27045 22279
21815 10492
5043 1234
3987 16009
3688 2531
42299 31081
23762 10527
28309 10163
13763 44968
18817 46670
13694 7696
38414 43626
12282 12138
8255 24726
27941 23323
31570 3171
26777 16327
1146 44325
13032 959
30500 2898
17424 36741
18773 32099
48373 9183
3284 15877
27404 4106
19977 5244
31361 35877
9278 11781
37516 36954
34409 1558
28469 18566
2766 60952
1877 23427
19802 14106
20176 14530
10144 26509
26015 31686
37984 16437
47083 19080
42220 43360
4517 2437
12390 7272
42114 1433
10735 48360
28966 22318
5857 36979
28807 44292
11386 32047
14746 3083
40599 31738
25664 10059
11907 4660
19770 28779
6791 24033
21087 6789
3916 37326
6268 2715
36636 16987
1354 23211
30230 13040
16587 8252
29176 13368
19027 25266
37764 33950
2922 52417
4817 15340
8012 37503
29893 10944
26445 1837
7164 1533
40583 22823
19830 11834
36227 2501
4807 19837
51101 1103
18179 7387
13310 27285
11429 1368
31041 12146
50927 17253
3434 32008
29275 1769
18332 40818
3733 18607
23078 23118
11451 36848
18590 30399
7127 2692
22838 31074
225 2631
15278 6295
28663 10659
40376 10006
19877 39711
58772 33404
10973 16377
28922 32340
1333 13636
42472 50432
2066 11920
17829 57922
4501 21350
13394 9811
41807 35894
38415 28734
29775 33839
5514 31392
4571 3236
12515 40308
15603 42550
22551 9924
29941 7463
15359 46829
16701 48733
7971 22332
45944 28672
44208 8613
2963 8684
6930 52758
30854 5946
24796 26265
2859 19787
19950 21465
19599 5676
5134 33806
4665 682
29918 17190
23759 41336
61947 18915
27993 11969
44050 7642
15802 12319
16515 23074
2981 13984
6219 17873
34177 2741
552 54497
7442 2305
12983 24074
18148 17770
13101 41180
15054 8104
8400 14369
6171 11157
17337 23851
2087 8489
6027 29374
25862 32229
6266 36191
9912 8876
37917 11402
21032 5921
32728 33069
19881 10568
26148 32634
13574 65494
37299 6729
20487 24482
2249 1422
20619 27121
47377 32602
25519 2776
9219 15437
19728 5365
26257 11570
878 18818
3304 18270
15881 1440
7067 1035
57237 17053
15818 28692
5217 12731
5286 45442
20237 2616
20560 30633
14102 32657
25382 7324
13533 34519
16968 7698
48222 20320
4255 9997
17854 29259
14971 29690
12102 28132
22368 6205
28177 19865
29550 30398
23283 29526
34213 33047
40069 8503
54448 28979
30003 6913
29605 36829
1305 17635
2347 12062
16694 26289
41220 8370
40314 468
9482 8972
20271 14266
29298 10796
53597 10401
8251 984
11264 4728
15156 9891
7792 3065
24350 48495
19091 43381
22601 22646
34999 7245
14840 2128
11493 33475
8787 30154
25689 18353
39035 21690
33621 18668
14115 3451
1692 39322
27947 4190
6526 13412
2285 30650
41182 26643
76752 4103
360 19414
25039 7813
12232 18696
31269 15293
11338 23627
32399 30430
24136 37008
36857 9921
32541 44724
5930 467
11894 31026
51965 33847
27883 36129
11062 27725
3016 4142
17831 6135
34385 10038
793 37333
12966 17080
8434 3350
5216 33449
14447 38652
11762 41888
17102 41197
19405 37598
18956 4227
35696 10285
26433 11286
612 20329
11221 31439
19908 13027
655 29071
34582 1346
9167 14913
46 19120
25563 9923
23174 10066
18474 3296
4655 25861
17066 26927
8747 6350
18432 4177
7121 34318
27240 11610
22625 11954
17288 20098
6935 7420
19894 16547
7269 41776
33292 929
208 2235
31989 4597
7350 1633
17272 24284
41835 17944
41311 9111
8340 5447
9229 14381
9799 33202
29382 33154
18739 2948
20206 19424
14514 9864
22953 11272
7692 17534
2972 35126
21326 27026
39800 31643
40664 16798
291 34642
2788 4763
80 17469
17840 194
16082 54275
29284 26600
12325 18988
13500 13293
38039 54495
401 12667
33528 68720
23555 25896
8404 535
13987 30053
24935 19907
2563 7427
17254 12841
17716 40027
8139 1376
21294 37478
9543 15855
9029 33649
22978 4895
16957 7635
21456 19783
28970 27583
39238 21565
2551 16382
20890 18178
34615 10545
21142 42757
25496 1266
13452 11320
21300 37366
8266 26579
9769 53244
12985 22796
2868 7113
177 26192
5258 39012
11307 29492
6702 4607
28749 25137
45906 57019
2379 2135
35357 31421
23104 20983
16135 2603
3402 24331
2169 17945
29137 7424
19787 18652
1742 2016
15460 17826
6211 18148
22051 7395
860 19972
18784 30739
14450 24276
25518 7985
3589 29982
14349 19843
40017 43096
31203 3634
21615 9020
18355 42395
31685 43624
3572 26721
51513 29102
8959 11267
3745 18011
16611 15405
3929 32715
21002 50931
28954 35536
5370 29371
16673 5951
26804 12914
21482 5653
633 16680
21148 21275
27195 10368
17606 17612
19631 25524
17416 3676
19154 5603
23166 26963
38492 14468
20045 30262
29463 30406
7590 25569
560 49410
12604 10786
11664 17113
1042 6542
22393 26659
11786 17662
8435 17563
27128 27299
329 14032
37676 10145
7894 1186
47224 7331
15137 9917
25711 8358
22563 59810
38509 11415
23403 17567
26228 22301
17719 2384
5322 7639
19821 6364
15370 35146
28291 47237
17225 37856
2423 1036
1117 23792
27886 11449
17668 10125
10134 21371
33258 32986
26714 10002
37 17782
28408 3382
20292 63
1888 12509
16040 17169
2575 2183
10942 9368
19336 783
16545 26403
23642 28029
45201 2858
52744 20537
35919 25455
19002 13557
13604 35885
7998 7789
2070 16198
35460 9352
7926 1048
6849 3515
22159 23297
20909 6291
48513 19607
11567 3020
34777 40902
9436 8660
21084 19495
23638 20332
37192 11279
37081 2280
36028 22468
3048 32425
10360 5680
8367 8175
12870 13110
33107 8339
25857 27460
46789 10808
14220 25657
4848 29156
6083 8318
52140 38116
32759 43218
30664 12423
9009 13020
12297 2951
18962 19915
31608 23688
37500 27156
6680 4725
6000 13639
9191 4404
10803 57149
30347 12888
7402 7276
25236 1108
24704 16070
40224 11280
6808 28889
26267 37641
11372 10459
37752 27226
21380 14323
11325 22748
33823 19441
10771 42518
10658 45725
29086 17912
25102 25823
24565 42489
1552 11251
1264 9780
8280 3552
27879 22583
19119 11605
10036 2322
16389 36966
7312 13564
18453 24367
53818 31109
8146 3548
4826 5466
32664 34924
17839 4018
1502 20749
18130 4982
10061 28760
12905 11934
69708 52064
7036 7668
25326 41750
36226 24188
24568 50812
515 14733
1496 9746
12952 5533
2289 39994
6048 1477
8885 18363
21998 11520
8182 23246
20146 35588
14595 10994
6715 29142
43845 5727
45825 13637
1981 24264
22069 12923
2375 17279
21046 42900
32294 12549
4117 15826
36422 33819
27934 18839
9532 7251
12949 40002
10208 4116
50411 1808
132 16736
35539 13615
26778 1998
31640 8496
923 28933
7507 1476
5475 6438
16388 18729
3526 12252
23857 5149
2977 4831
280 1514
39735 24078
28745 35315
26970 22854
22733 7198
25000 21099
5608 22567
15286 53651
43273 5641
9233 5501
51281 16559
22989 40008
38566 8523
4575 22294
16311 2492
17039 15839
46198 5577
3073 4929
11534 7062
15789 36164
1371 18015
3454 2026
16529 49118
31515 12600
24269 18719
9579 25806
31310 3064
48165 21513
49067 5349
3209 65499
42078 17063
27861 36007
6326 38836
24874 8168
5362 10811
6193 34685
12516 17182
13545 38412
4596 2551
36986 6055
7342 23202
7512 29829
30968 59
10125 5634
2637 29212
9232 9130
21965 3718
36646 23617
27521 5594
21784 23296
5401 22934
43788 17413
46773 33773
13494 22809
36810 31104
17963 12283
15785 17395
18468 8700
16451 18730
36388 13684
13696 19805
19066 12334
34292 43828
5657 9443
9698 36547
22932 51381
42416 3036
38061 23811
30326 31200
23851 52012
32288 3237
3519 3868
8452 7027
25408 20119
24487 14009
24009 4497
205 20134
39418 23921
61526 71166
71786 14453
17711 18700
14870 26752
27424 26740
34668 22062
60492 14056
29332 159
27634 2166
24509 10065
9289 25916
34767 13927
2046 1450
5407 31263
31956 34328
61451 31089
32781 32348
8004 8544
16366 26574
13661 25840
27872 13392
16334 9380
30375 31412
38937 1239
33461 11752
24345 11773
29845 6355
44344 13026
30441 995
10780 222
19130 49146
3615 9540
7203 57677
12225 16107
26901 28623
21277 14680
5256 17723
12649 15843
16266 1600
13862 56832
9448 25381
5501 43572
31866 45356
17322 4309
19 1197
19704 53631
40034 3291
5922 15907
30671 7156
10105 12945
29157 1572
46856 6187
7270 9678
7147 38262
34203 13475
25625 34702
4573 15792
22140 45333
2933 34666
21570 15742
42707 19931
30202 21760
6727 13851
26576 5574
3063 29847
37365 31055
39288 38235
16638 17499
36809 12657
12443 10856
16188 8043
22100 15611
701 3269
13109 8961
5951 4701
10281 21799
35671 15404
23376 3434
48053 14024
26794 6701
7062 485
14629 20093
58745 4817
4928 67042
1406 26977
19975 12980
9280 34547
31707 2735
60126 9735
16116 23237
38748 12010
43471 3059
4656 22498
37588 44711
13069 11654
12979 33121
13801 312
32616 17660
4540 8401
4187 40427
12947 54985
5593 20166
26327 16482
63442 5561
4987 7854
4882 17709
28528 33778
28341 5764
8724 16801
27281 5795
32709 961
2395 10177
714 3364
8793 13633
3585 6660
933 25974
9909 27442
23831 10366
21165 19610
22883 3977
44027 27934
29451 6324
30731 41327
33231 16332
3399 6085
11395 12275
25390 13348
6292 16462
406 2420
56374 8894
25474 33041
12685 10208
27609 127
3496 24214
13179 20173
781 22915
3023 18414
36254 13273
18914 24881
1659 9187
32062 2740
15648 7039
3872 10488
13505 13875
18794 625
11369 5231
16920 27685
38329 33292
57047 13184
14616 21956
15954 4047
1054 21543
31969 1268
9599 15136
12449 47516
24741 14018
22796 11199
18418 41166
14601 10335
27053 34752
17418 4379
50620 1309
6776 8328
18568 1763
9810 27395
11240 20617
42632 1628
2653 10269
35990 10602
9177 10965
25368 15588
1897 12431
15974 6759
5149 7267
5681 44029
17995 15958
13328 2076
4242 14910
1266 5756
44358 16471
20973 1022
21457 27367
16521 6175
23498 1358
36448 4035
37582 24982
5103 25594
7469 9880
9166 44494
14874 13434
23810 13486
8162 16900
12482 7404
6959 10678
11358 23213
24185 22980
42770 13668
10774 23541
11684 7803
11580 4712
10520 38010
15889 2956
26476 38574
29443 38745
10838 1713
378 34973
30415 49837
23213 34249
6167 6581
41135 10138
46890 17375
4161 21182
43479 12947
28320 22875
7132 16141
479 31071
28647 3026
29209 12773
914 40610
224 32685
28069 9679
12271 5822
9343 73831
28021 28184
12364 60423
17736 13769
22982 13667
32906 29012
36488 18043
211 26775
16536 8773
10522 25461
38522 4297
16377 40793
14175 28354
37078 440
34089 5835
32384 13945
15552 15287
13600 28597
13141 8045
42492 37027
9472 28801
32881 11041
8979 23999
30889 6107
13077 17894
16291 13606
17549 762
1105 2157
17110 12664
7743 5122
61862 14161
13477 1021
24197 18384
25101 6095
10728 6084
43000 11403
8185 28699
9544 28881
20432 2467
30611 2350
39980 28005
8811 59076
625 24193
38661 23043
6322 26191
35503 24522
16275 31094
42151 3200
8020 48113
14101 31900
12235 970
9204 44490
9830 4654
17365 14924
23813 10547
2821 15985
1884 16906
2916 22863
10465 2312
1769 6991
24676 20504
6177 13294
7134 1470
7938 1128
41597 8443
5699 7796
15192 32840
9665 17845
27768 18621
22687 26001
3441 58168
9511 5188
24714 46818
15383 28321
12587 38816
47589 7736
15905 14154
33365 48994
1514 27527
19074 30920
33841 6916
691 21366
544 7203
2882 5652
47602 21651
20457 20559
29248 28018
6201 28545
8873 10956
26589 45005
18645 18257
19764 3701
3840 11078
30948 10613
44021 42428
2470 17358
24540 34776
26594 7236
30177 29269
12060 10940
13194 28708
18902 30596
14639 37650
42339 17099
12281 36058
46018 10684
8513 24065
19678 2689
12950 17985
20918 9472
33291 33361
15176 36909
8556 35109
26139 5498
32221 9486
13427 20630
13965 6594
9491 2022
13853 45218
16997 8631
19366 7547
52397 26230
3740 16420
12963 17165
19600 43681
12880 10567
47878 11442
8863 20792
46393 25003
4846 13470
23747 13362
16792 1255
27111 17935
4512 15927
25728 21489
12572 839
5653 32216
29847 15040
38745 15754
58136 386
23423 15444
3153 7799
26602 163
20411 23016
5688 27417
12171 7546
12759 15659
12433 13725
1215 5373
16184 15106
10920 41345
38020 28216
35009 26222
5084 43615
3411 38401
3915 55085
5712 25440
9507 27203
12098 10755
11908 16082
30148 2622
7942 12150
9240 12305
15369 23399
21016 16957
5551 66
5228 1988
29580 44881
17476 1133
5466 20281
49635 9594
17274 19612
418 19074
5397 12449
10249 5891
12852 11793
58783 14344
7989 36699
27143 13534
22435 24707
8069 5745
39693 15277
28366 66618
16261 43813
19457 9849
35832 55994
21666 26550
25350 32136
14280 47587
4620 46458
22806 45759
18612 10826
35728 22161
14089 10320
31929 41785
10079 31680
993 15236
51663 11561
28779 17590
9093 7010
28741 477
14772 13862
26463 12234
13591 42509
19859 27296
8546 12734
5604 42426
22321 259
35019 30656
20141 8500
10204 30901
529 12224
8876 14893
17406 16672
21796 34161
35150 3941
11920 15009
26051 15321
45951 36917
1340 22837
3998 22342
22030 25654
4137 7928
9087 14159
28957 19981
43705 766
9609 38085
6261 13272
43169 11569
6190 21693
23280 18152
66555 1741
231 18326
18389 5942
26492 49930
1202 9248
32951 56182
25316 16728
3861 38467
18960 6029
17558 39977
14336 5351
7455 25795
7139 48960
16461 131
19213 17241
21964 5614
23581 53284
10241 42527
2688 22732
14618 1505
21422 13779
33738 4046
6628 13173
24585 39952
12635 17307
4305 16053
42688 2178
5635 48140
5349 27824
7876 22709
23904 22247
13632 7132
23036 38113
10723 36872
55449 15662
29958 25525
12824 39975
6870 18562
25089 27127
12937 21770
21847 11611
1555 9032
37473 525
2518 21900
5023 25298
325 1696
36710 5203
6759 2476
9548 50341
43924 30360
1785 3884
40937 4056
53528 32594
9557 21617
38072 28836
5639 16213
25922 6533
28227 9674
32960 6819
21062 52237
10655 16089
2337 20960
17542 18203
27576 46162
5578 53925
62616 40425
42687 49401
16846 7962
42750 255
14455 23371
3309 20491
26069 20652
37734 12532
16235 44844
16814 11159
36524 7976
637 30572
4636 19887
53735 15739
23726 29570
47550 11928
59098 7720
20559 10715
10100 21524
27024 12693
27398 1310
18046 6329
51537 1637
36469 1119
14150 18712
24473 42459
12991 30359
12505 38581
11854 1104
39039 11130
39331 6074
24137 19474
41162 45545
23490 7826
11079 50619
1859 258
8501 33424
11001 41349
1400 8327
8101 2422
22319 17848
14748 43552
21437 3873
48692 12866
37959 19064
9196 13986
60592 34612
23948 5620
27266 35549
14843 26850
24779 46130
25023 11036
14891 37324
40392 17963
17886 27413
21782 18723
9934 43463
38878 38470
2280 22170
6837 28520
15774 11480
48431 2649
2770 8649
11614 2242
45776 21387
33640 31057
13239 2931
6375 1130
39010 27978
10298 3658
20678 2365
11114 25790
5348 888
30915 2208
19252 19041
18245 46504
1026 27531
11810 3979
4357 14108
11248 21059
21531 17788
1329 22956
19493 15506
20995 1066
8331 7358
17966 37482
6372 13902
22636 18018
11989 48501
6253 10137
12066 9909
42357 47234
12661 59967
21829 18204
4537 51095
21867 14442
14242 32826
32378 4898
14006 33323
17289 25157
27819 4889
25195 33540
32495 22500
3213 21180
16548 4248
68519 51257
31401 8169
26820 7190
22068 9642
26612 43691
2784 2377
20989 24298
12341 31365
16944 4844
11362 50465
1910 11180
1344 19836
17914 15624
14364 681
9582 16875
11197 13512
2163 20386
9834 3551
4881 32060
10091 32889
35712 12546
10585 42636
31060 28879
44620 26287
1091 23221
17312 12520
8438 26071
27056 15386
6338 18207
45625 5632
89 22896
13240 25937
1985 4977
14205 25597
9996 51199
32346 1575
34671 34465
31798 3703
1738 18971
22076 24815
24811 23753
6034 34948
5628 34064
13560 24268
5970 22047
10896 16623
28904 28724
13273 20057
14435 17118
59297 16340
26414 20108
34878 5535
7778 8586
33073 8784
21390 9934
2621 19979
36756 3638
27884 45050
33333 32684
12262 6606
25164 2812
4760 23344
66468 18626
12658 5393
1033 22024
26205 6359
2439 30600
1982 13022
21295 37193
26662 11765
6428 20561
15435 19115
4420 19507
4158 8407
46654 19581
19147 8208
18735 21656
9914 23306
24080 13012
49326 7518
7729 28388
42930 37686
4934 19110
31292 33301
28828 36851
22683 38617
15021 5922
26394 10260
35936 30843
11492 21696
24024 14703
32165 17222
26390 13666
4109 49751
34583 9362
5015 32414
50298 15819
16800 9359
1912 27254
19654 19036
18049 10123
6560 12946
21275 30693
51030 4545
33543 17839
38253 4165
12077 17843
2655 17075
10889 21602
3823 42038
18798 16126
8234 1509
38403 68
8478 70515
25279 62044
8998 45497
18522 52462
20930 37773
2250 5067
11263 4476
21633 15582
13652 3615
23290 48091
14819 3346
20001 30057
27085 9228
11669 10447
36976 13709
17168 24408
46073 23833
24948 34608
24595 18451
24692 29417
16847 47495
27867 29685
53548 54911
19278 11912
10992 20991
12382 36513
29936 10870
13937 12353
30233 29218
16143 21343
1905 12259
23800 14065
790 4204
39857 5998
66373 22999
12722 16180
7681 42739
30694 51218
50377 4270
28814 16051
41316 2138
20356 25259
35244 2230
33885 23975
42273 12314
1073 10445
37127 7258
10676 5858
32596 5291
29393 15099
35171 4762
11028 2091
18034 6752
12446 27586
8652 34213
32587 32197
50678 35541
36547 16640
28110 6468
15801 311
33071 11228
18380 21254
16015 1567
9222 40641
30985 47852
21777 5412
37129 3056
13469 21627
30680 17093
16085 45328
59025 3603
15136 12869
9948 22070
1922 4737
9267 22884
34886 17270
44444 3644
42032 3694
23302 2661
4367 11027
7333 5637
9462 25069
25004 26709
27258 30773
26365 60012
44173 32289
6746 40352
28108 26097
4794 6882
7624 23232
14390 19284
33827 9995
24276 28499
48912 19500
46917 18635
16760 26431
41215 19289
15928 16430
35325 18520
5033 27810
15443 8669
35636 17359
19417 23002
14850 3313
546 3464
17393 32618
2339 31188
10579 869
8906 12326
17877 15221
9546 8955
6117 6879
14655 37096
8007 10802
2491 23215
24504 42046
20601 4198
18383 15151
1217 31647
26393 398
45482 5696
2275 34319
40174 6060
2336 37527
33914 19136
16144 6327
28113 37122
17599 12139
37599 16752
5018 33003
23188 48240
25049 25257
21831 18289
24184 662
695 606
265 8765
2321 2722
17982 12942
5679 11003
36295 14387
24618 34250
9322 38348
17448 9748
30785 12458
34632 17611
34495 22563
13709 11044
18121 4569
9964 14411
43144 22197
13047 24768
43025 16016
1745 31818
7904 24019
642 2834
43725 16784
2798 40104
35784 25334
592 46123
18516 9587
6643 19877
30565 27937
29968 26076
14058 31867
8369 5040
41092 22100
6265 4833
10777 4109
31323 23721
5120 39856
4168 20165
1317 16926
4984 6091
18919 10103
22437 6242
4491 22167
4861 18066
9978 27788
43270 52338
2016 30524
57583 19358
15563 35529
15187 9165
36364 4124
44374 29736
39296 51109
11388 4179
32035 63953
5079 13819
72 18422
21289 21056
3254 37199
6830 33422
4958 23308
46055 35613
35876 17664
17967 25552
26425 57148
13895 8732
46575 14333
7436 23274
16523 31271
42229 26619
20369 31528
258 20696
9554 22196
28833 2211
5231 25089
54335 19337
21325 8247
54337 5396
7606 58878
8703 14320
20722 10
4787 19792
9693 17168
35108 27386
8043 7858
2033 28109
45596 16565
48812 28803
1268 2473
8413 5448
11587 3695
17605 24525
21091 9915
21700 33670
11228 21815
27984 50735
717 39487
9567 33074
6946 12189
27094 61268
2928 31461
1707 23359
40429 5646
24945 52522
7081 21532
41901 11278
17777 26049
1789 17259
43829 18241
29395 1453
23794 25617
11707 3035
11869 26377
27015 10635
27897 631
4365 59760
45682 16122
8344 10984
49744 21672
28556 4139
37855 48337
2228 25758
8583 29413
17667 34565
238 5131
22187 50172
6482 12782
39534 22811
26854 17877
18792 37855
40921 17654
30192 442
16480 18199
35949 39193
5276 3598
2866 21012
32309 9640
13671 7202
35796 3549
33858 7500
14524 31511
24389 5929
19865 9409
18265 6762
21333 19390
8993 6593
35294 437
12400 4807
19624 26318
20137 25984
16325 53444
13087 16990
8568 57040
4832 3186
41384 26978
10841 41258
30338 8051
6872 27799
21584 13994
22799 36
6492 20155
28594 8806
3142 15708
27806 20013
17472 2239
13840 15457
11415 27945
5441 28412
32965 18275
7234 278
6363 23288
919 12506
16652 45052
59953 16353
34451 32465
15803 22313
9946 56661
13318 12740
8743 10506
28601 13099
18409 20137
8944 539
30907 1918
6216 28055
31847 27267
28296 14882
16119 15918
20253 43771
30645 6188
2558 23567
42686 1194
5208 13747
19367 21667
14665 16546
26446 18193
39584 492
18990 7161
335 8634
20948 57410
34041 22566
34697 18087
58658 23149
28575 1204
20052 34754
5363 15829
20863 21041
8199 1205
2463 35212
15134 57683
7239 22296
23032 24685
43249 5333
2465 4260
11579 9305
26851 24818
1141 30223
18166 47379
7316 2061
19153 177
20961 46139
15338 36403
23449 8403
6043 20121
21824 26929
36249 10211
5022 978
33280 11461
3070 26177
809 8201
27191 9558
2848 31987
8451 13323
21012 8938
13922 27253
30852 44800
9379 24462
43170 12642
14865 8031
4405 26290
10596 18887
9542 1475
16290 12100
7783 17334
42519 36689
42794 25316
31168 56439
13713 9963
29143 4562
45824 8455
8074 22470
16215 17389
47452 31287
35144 30490
43791 30328
2041 30270
30899 30078
25628 25527
19553 12489
44611 8778
20971 16859
23660 46798
7662 10088
1520 24722
7210 14249
16497 12115
29651 6813
49352 25743
29075 48384
8836 6076
6508 15691
45947 14846
18339 1826
15288 14113
4111 15219
36872 9173
4178 3264
39588 78247
11271 382
41752 11843
12972 30308
19488 44101
929 46051
6486 18458
24139 25185
10865 1926
39406 1573
9139 52044
2565 43035
23227 45170
37416 3553
26072 15084
18560 28560
30959 14097
9088 27986
18465 20595
32782 4464
20578 14102
23373 59259
54 20914
41607 36839
1438 14935
22478 18681
4543 9077
15197 10282
29107 26552
34250 32469
6218 1994
17872 38824
239 49215
27092 18024
24736 10817
35816 24043
25130 30904
45386 73309
18788 20423
5863 33720
33355 14879
35011 4335
33052 12113
5521 16716
16571 41119
32055 6965
6354 11736
59135 12089
42842 11270
1101 64128
910 11067
37883 32683
21011 25038
3294 6573
16458 29090
3262 13009
31222 18173
5491 37376
5902 28824
28731 19643
53545 6613
10775 9121
7199 14363
23158 16008
41146 28533
18572 33150
13483 17272
13926 2848
34368 22388
495 464
9811 45320
25652 20622
52775 37401
7808 7061
26624 25341
10251 33776
1260 39633
29997 40140
9135 9435
14 17926
8243 1185
32814 21664
58125 29645
1590 13776
51147 21079
17283 31093
52447 626
9966 18893
13647 7446
17998 15564
38065 7839
4051 26485
20586 14951
34354 20842
4298 15947
10492 6667
21566 33419
41543 1906
6998 4113
26788 17138
19058 2849
17179 35752
19790 15245
10909 19463
19564 30982
6444 914
34335 20672
4780 2470
15697 5892
7177 6772
21798 1466
44462 21595
46884 35714
27720 14529
5429 50450
33547 4055
9898 36154
17376 13841
29405 16744
9285 19228
48967 25510
59233 16520
37111 1006
20047 4292
4071 43384
18347 20018
20130 18202
28476 32609
33679 22507
50903 36378
10953 2325
39987 14045
14458 32199
17037 14677
30955 28459
13722 14120
11488 3469
3831 14531
5132 15738
24555 8680
10183 29539
7553 25787
36905 1787
16848 1301
9825 22384
13280 23767
3247 6448
22701 12403
12910 18491
23627 18629
617 10242
21582 40998
39149 42481
23042 18657
12014 41397
19892 35819
38612 18091
12267 7612
24607 34812
15001 41335
27138 29082
9862 1854
1695 28096
4145 10147
29741 7989
20409 34186
8127 35186
8075 30674
37975 21978
13040 9488
12424 36751
32227 25457
17551 23638
29862 6217
19009 6129
9676 20029
12038 22775
21181 11264
12276 23112
17591 19928
13708 30591
5983 12459
13526 7345
730 34336
37452 37151
15341 1727
7573 23478
25966 10227
24976 22655
21585 8037
36069 8294
16697 25249
3810 8588
1046 567
18641 39475
5837 415
29975 24597
481 7098
3453 12218
26120 19789
24407 20816
27319 36666
21665 4095
7880 868
1214 27342
34246 9847
19428 7935
9335 19945
14144 6223
18782 14981
42698 8641
9382 26663
15642 5819
19202 22265
27215 11135
27127 9692
2370 4680
30560 3857
22784 3839
50726 3330
44706 3494
45902 17144
4265 34392
18769 50651
5701 20737
34066 2362
30881 8117
5714 611
35807 6477
15729 36697
6172 28298
30971 10281
4711 7779
51709 36435
13772 9993
11029 28424
33715 26909
10082 19446
2943 17167
23248 11162
1039 14860
30244 8910
4469 28204
53747 6395
8072 10284
18915 14982
3870 13382
17147 23090
16363 3221
12686 30370
3231 860
41681 8654
5061 1498
4259 25397
1925 14271
19992 20810
23803 19002
71812 17452
12741 61137
7912 11314
4263 25860
26681 40652
23679 1954
11183 26811
6165 3604
22488 10396
14291 4643
1006 25405
12687 53448
21447 44603
17082 33264
32361 13864
13773 10393
1653 22455
22803 58489
21318 30595
34348 18281
18359 21941
12574 13065
30039 47708
1152 12027
2559 37801
2382 13506
45385 2012
24450 4730
16383 37373
3629 18234
25328 4823
2697 12886
39655 1396
18090 1594
47838 15901
25886 30338
29702 4849
16233 6186
12899 13881
1737 22496
46637 9537
17398 7961
12385 78
5870 23539
42506 10126
6842 46859
900 22340
9783 6724
14265 9560
6370 15675
1739 14897
5622 15146
35241 29150
16485 13809
12881 26614
46806 25757
14094 45704
46002 35174
20650 14391
21850 13092
17208 4458
9486 22609
44113 6479
28653 36397
21225 13250
38570 26572
45941 35628
2811 20714
19530 26302
757 18771
17815 55653
2786 11892
45940 25054
36525 5084
6259 8786
18984 21128
24734 35663
9138 24384
26160 33538
1279 9545
5588 22427
6821 20558
4350 41506
12891 17386
44233 10791
17661 8198
1248 49531
12943 2643
3693 33702
32958 14974
5173 26700
10376 8262
7448 33971
14900 37999
24067 24914
40114 24431
18033 10482
24105 42301
12908 8515
37580 19222
22633 39780
19126 20086
25648 23819
36498 3198
44395 41559
5513 23170
21240 345
18064 10895
23980 7904
38523 43774
19121 51425
7118 38436
13924 11194
22412 38926
28065 10478
17204 31175
18343 5014
25693 22714
13727 35261
34991 5842
7446 6910
52948 12943
254 7840
23942 53042
17112 34112
2522 14069
13147 34073
27489 48706
12166 16806
17985 18278
37787 7074
44705 12709
44072 15363
12075 30116
25707 32006
48153 20189
9034 21054
11577 36508
35415 6871
31571 15476
45674 19629
2960 5654
15880 1082
13767 27365
17626 11042
26149 14906
6161 16466
26383 41113
115 2562
25560 30240
10052 5651
2106 16929
36120 4803
40637 32611
23180 9208
861 33393
20010 20097
13717 44649
11851 5849
2574 55164
9867 44403
23707 4623
38125 29177
22565 18481
4759 21934
22391 12714
9433 13309
13261 32205
28249 48000
2698 2947
32564 9809
12747 20345
15133 48072
16987 29695
38736 18788
17161 10640
13286 1554
778 12438
6328 12496
11435 35782
40043 8177
16006 40661
30994 20531
12935 3804
4502 8615
12388 3397
24724 25843
31578 20568
13030 25110
71293 26630
18780 50237
20925 34897
41904 43248
8753 30307
32003 3011
30696 37318
11996 48567
16613 26014
938 25611
29390 17754
