16240 7605
13316 2416
5142 10003
6723 12235
1850 14099
15263 13127
5075 10908
6593 2699
1231 9685
12429 2578
9441 13390
5773 4614
10618 11141
6243 11209
14563 12857
16211 5222
4266 6015
10830 4760
7476 8049
11529 11205
13389 8053
12730 6588
4359 13723
8730 13177
2584 2029
7574 10528
7199 9420
154 1219
11647 7358
5849 1142
12922 2961
10001 8391
9750 1642
9978 3947
549 5955
1107 8081
13524 8823
4490 13382
14561 859
270 2217
3421 5067
5298 8184
13444 3367
9916 10752
8004 13562
12410 1970
12899 12852
10694 10665
11461 4926
6233 15876
11683 10154
15311 3362
3433 4641
4413 8467
10285 6035
1315 5230
13771 9590
16038 14960
152 4821
820 698
11312 3072
6930 14905
11364 205
16295 10134
12671 4661
5629 1191
10601 13328
7064 2558
8541 886
13497 5702
15860 7685
14974 2477
6199 9608
13467 800
13282 12676
12961 11804
6741 3482
10714 2327
13081 14862
4655 14571
12880 12936
8282 12387
10262 4955
3375 8273
6887 14596
2160 6324
5982 15947
3305 9102
5379 1539
14613 13538
6903 15747
13332 8202
16099 1650
7830 2493
2365 11429
14507 5969
752 12434
2489 11750
12418 8500
14660 3005
