16306 10755
10151 12669
14825 9767
3436 13543
4402 5988
12305 12246
11718 14154
8316 10987
13302 1629
8582 14319
10507 4671
11158 4606
13470 13427
6056 13042
14954 1628
10694 8472
12210 15921
16091 11039
871 3431
14515 5495
3198 2920
16269 12974
11970 9768
1785 3928
9912 9380
9657 8098
11119 1235
11438 9787
14550 11187
6589 10421
13552 4390
13544 6404
11045 9699
11767 13882
10631 15668
5940 7143
8288 11701
9902 7545
2401 9836
8478 8010
2994 2119
11545 2714
9445 14119
12371 15974
13540 10982
6156 6488
4610 7825
6374 9802
6333 3575
11730 8210
5382 5839
6480 7591
7608 8190
7005 5565
4831 4527
4524 4279
5431 4322
6091 6891
7690 7233
5049 7835
7382 5454
5702 6111
5461 6196
6200 7506
4414 5999
7376 5179
6531 5888
6445 5428
7304 7986
8185 7793
8029 6494
6728 7928
4106 4303
7038 6414
6823 6103
6095 8108
5555 5119
5040 4882
5400 7561
4917 6769
4108 5823
5173 7894
7188 5516
7008 4177
5551 7593
5035 4109
6133 4193
4279 4548
7133 5237
7818 5257
7696 6578
7647 6202
7192 6870
6583 4319
7337 6705
6366 6450
8004 6182
7275 4471
4333 6709
4886 5993
