749 651
481 266
159 702
553 250
529 254
53 781
76 929
158 846
258 950
280 847
457 242
238 956
334 860
398 939
456 358
101 58
49 135
60 240
159 209
360 165
330 175
864 655
442 53
43 307
821 255
688 213
742 90
751 60
834 54
906 56
954 68
957 167
762 622
935 229
908 233
571 116
548 85
595 42
609 78
744 409
798 463
849 486
885 477
685 527
942 413
940 360
882 344
816 199
784 111
692 330
634 370
747 315
797 336
380 366
753 623
344 409
699 784
523 701
627 701
743 850
913 789
870 757
948 820
865 907
900 934
750 619
803 889
754 915
663 881
586 938
759 852
716 591
751 621
924 624
773 601
956 666
926 615
879 587
974 538
808 589
840 585
660 532
663 593
742 609
748 615
752 622
752 622
752 622
731 724
814 717
752 623
752 623
767 539
752 623
753 623
753 623
906 595
589 604
650 427
451 337
499 218
483 242
342 302
525 272
482 642
462 614
398 418
492 469
628 256
644 297
487 305
648 467
469 407
478 398
331 448
407 435
342 278
391 430
359 451
252 398
320 384
286 356
361 219
282 172
207 172
188 277
233 232
148 484
146 83
733 511
267 137
224 121
248 45
260 400
257 414
249 492
239 522
253 506
314 669
406 737
613 395
399 767
491 821
392 882
343 727
322 552
310 590
380 607
577 556
130 507
184 530
564 331
94 631
114 618
93 590
47 502
208 324
123 349
67 437
468 490
485 582
167 711
557 353
437 808
434 820
311 655
297 659
119 561
245 602
253 605
83 613
351 512
329 524
124 677
506 231
90 849
244 905
380 301
600 257
382 286
59 87
144 181
434 95
176 77
519 387
519 388
661 82
534 123
605 171
746 443
826 296
374 414
585 408
435 425
534 406
617 723
862 935
690 810
631 935
735 854
735 848
689 603
689 582
519 504
632 409
490 343
400 562
434 338
577 336
210 285
209 275
234 150
233 144
273 61
