946681 877134
1221717 811326
1532768 572602
1405921 1017495
1269880 1168990
1210816 1198530
1070677 722067
971518 765999
561757 818315
1441034 1023767
672161 938921
611586 842652
1241502 884433
956481 789261
855908 512938
451551 832144
518225 722798
963903 964485
829836 896768
1239459 581425
581720 573410
1424954 1134276
293386 1216369
1069158 1248124
934860 578201
695597 1047182
518891 794357
1049084 1302892
720058 387474
900081 681245
648786 559009
1140852 1149681
1078516 929444
722090 931902
742926 1012625
847314 799284
1250978 838609
713012 925199
795676 756894
916493 1081625
510898 977700
900022 1228945
441015 883910
1211717 958899
1048113 1029805
687635 641435
1377172 880173
252748 638409
858138 743508
496218 1106805
714974 559752
1638504 589723
1344335 1145353
1270398 866240
1660051 916529
841268 921874
993788 1164810
776329 1011910
667833 1010926
739057 1088546
1308178 1009199
876186 899191
1238835 1869533
834726 412389
1364354 951396
876127 506070
1139245 1569777
729399 935772
697962 1264317
574000 1612742
1084253 777772
1597104 1194876
733393 735530
1086695 1035906
652936 796617
630102 1030602
579359 704237
587618 1357838
841703 1010669
1234998 452336
777739 1145838
480528 1131430
1060577 1645655
1893170 305952
847763 1038951
120788 1366754
1090943 992072
845896 1208369
1095135 771145
633279 682011
583129 682631
758143 794657
744133 893832
1340648 1037652
1153476 1498187
723205 1090797
919623 1139228
844575 658537
977771 451159
1177754 977089
190571 1272369
990859 1046365
1180831 845525
920132 1168749
1058103 763308
545040 983082
1347458 971735
1304635 742651
190641 622231
1221836 626935
505363 1118990
998456 905597
1629386 1302203
934831 824221
139841 790232
536659 1127619
568233 1159269
907162 1634843
589323 1257692
1044128 485646
1113860 744814
756423 628377
947073 746323
1089829 1202218
688389 1003473
1083155 1141509
1125567 593972
1339831 945215
613322 946596
816764 1104186
1135476 926087
1182355 1347371
1030435 896234
1442588 936793
725487 1114406
955738 273166
967463 1338266
1169085 1256295
1151495 1415487
1621112 993747
1418212 563103
957363 1270623
327103 480198
1157564 521576
328990 1317645
981944 1137969
1769276 1481374
984835 260098
1184022 1073108
860395 885492
966694 1038297
196238 957276
618929 905228
1226053 671369
846541 685465
1128998 936365
807148 972215
1008311 817669
665899 974260
1139718 355576
1267905 252599
906061 1220491
697643 391717
1025515 1077012
701287 543016
930072 825569
624838 931071
928254 801319
559764 854774
1123852 1331220
753147 882751
760407 899086
755821 821807
777270 995143
503545 896487
958636 1463017
874234 307404
884050 1089611
673164 999410
1402712 1373351
761870 1566923
603059 1019175
1436597 923777
989164 984889
822748 1121323
862524 876540
969622 631121
416961 1111241
1002058 537842
1083348 1147581
528179 509059
1531840 862004
1212266 1154363
915873 1072978
614481 1076287
1264367 1050750
612120 933576
1058979 1171440
682262 852559
772138 1016506
1178504 852951
1162962 257593
873361 946366
590240 851902
857752 644667
91659 1143967
1100215 1352107
729396 1337820
479798 860177
1624184 1236189
816491 1244891
1265900 1190599
612513 576341
299003 757990
1081564 979584
1260222 1649822
1004418 1163736
1074860 850675
1283546 910990
461022 1038677
847132 519635
1406606 1180878
745095 1099004
746760 531179
872302 1030471
977294 792753
525552 1046470
784735 613218
959580 1510925
453040 729175
701166 911652
815055 722130
595443 611902
991481 361975
889489 819897
619116 950566
806445 1244097
571760 439178
642544 470724
797482 1260146
1177356 288978
1170698 1315553
1216225 874311
869404 793193
703124 755508
701891 1412685
622435 1533453
1107766 756598
1458866 1097977
519578 1183590
936348 869710
540265 1177442
113036 1081384
962202 917628
1546124 712430
488370 1099803
706818 929489
533210 1264518
1282826 630017
307528 845771
924441 931526
586791 907882
517716 944480
729335 1917036
809437 1212956
1297581 595758
146182 1093185
388285 1063934
765739 981743
480844 1207266
834459 677252
1326788 771160
836943 854822
473883 541310
922046 1067286
1622225 377770
411136 1186987
763163 1279221
747381 848695
761098 467917
842599 498096
966172 630088
1500899 1523082
1375603 970470
1322859 551934
798799 1045932
965103 856659
822274 831199
1534984 916927
533947 784344
985789 744343
1634986 896452
867149 702706
477246 888305
787215 1508149
1301394 898443
837442 984977
1163758 1155553
1068314 1241913
782470 1454136
1096157 512902
1227946 728517
1217232 1086891
1072047 952272
1129790 919277
877236 846719
1244693 939134
1394443 435787
1047291 920501
548306 652596
440623 924080
1301609 292267
1219987 904135
743442 894162
1273262 872258
1099273 745445
380615 602449
654198 1205320
640494 548696
1027523 1101569
866446 1058387
1208855 1088912
486366 1422275
1260974 372007
886021 1119399
1074636 1129195
690544 833152
761769 1270809
843313 1042047
1048728 402974
936094 1135040
949728 843262
650763 1213832
1469606 674083
938876 945985
1114686 853185
941675 908336
644062 593453
545799 620879
1365677 672366
547215 807965
1204252 1007358
685093 1137075
894313 557329
919862 579437
670612 992698
1170917 1211026
825363 961145
726936 413738
561188 969831
670576 771521
973053 1353933
503457 1091651
1083352 1719548
603786 959823
561682 845336
1144909 1100271
773311 1106279
1046857 852815
1207636 1133630
1416865 859848
624863 533454
1617316 1296820
726188 902479
1199001 1118510
878103 912891
1375665 844417
1061431 670510
928062 756466
888430 961071
824155 1161167
1372137 759836
1302912 1111558
961520 639563
1054907 1520452
1701810 1033689
859756 703671
977020 1187883
866239 671567
1209247 601724
690675 510087
421447 699913
989794 673195
1183189 998405
1199643 984021
1075010 644542
780948 1618029
1208340 1300611
562445 1628317
982353 295280
742042 977298
509036 323033
1050755 1126595
1006239 924404
1178676 613169
931076 1041937
1102514 554561
1550573 1477738
561509 913206
1010601 1289017
1023357 856877
1380999 540620
801879 561043
463494 829272
791292 1044880
999722 499452
272085 1386088
709509 934966
1269020 916291
122620 1348672
850684 826746
1267907 1043472
1353168 989780
431600 1214761
713419 909079
936968 788681
595761 1194222
888837 649240
952398 480526
808814 1344605
842567 1229023
1013611 563946
857444 1108335
795920 903395
1186805 859176
882106 658356
930870 853558
417485 1163367
820055 832726
1193307 631881
953997 922976
536246 971967
1030976 881910
942102 1429205
1429164 1016057
933594 716794
683513 706164
597993 554315
1547889 996072
801003 785440
673085 791398
1187605 524695
1189818 365896
1165133 1368845
1207084 968128
1247003 941511
1316036 528897
1086417 1314550
625092 1001323
1081955 947195
298849 693024
673886 1468888
871175 950909
1293033 77309
967103 950974
1150751 1105289
612568 811282
1006216 751078
972207 838313
299545 1233974
1138025 675071
854851 1062322
750922 972043
916280 767917
950938 700476
620325 1202016
543387 1215430
849008 848417
1241735 1045766
837694 378112
1015672 579829
501732 748905
874219 1508624
600178 682109
638498 1058443
1064783 660383
776722 674438
868793 961538
1028152 941680
910600 708275
632274 470893
1228364 1243457
294927 1141450
1131220 821421
615477 1220030
804860 1489516
481166 734606
361167 961457
1457990 655210
1378495 645520
778430 1058991
413426 1024356
549131 1326737
633514 868498
705918 994883
610620 250915
914293 640243
907203 711034
765942 995355
1520553 1355203
434291 785644
702970 724580
1034773 1513609
794679 956473
987684 839742
1244010 411894
802253 1364284
540909 982470
619108 764123
1525242 848793
636196 1000544
1130434 1132526
617303 1143034
148384 849946
842306 1203180
50874 1302807
829185 332393
663142 704627
448244 1049053
917494 635714
970555 882518
688246 243378
808262 925732
890167 763972
822830 788886
758688 607476
1081146 958693
700596 1124901
789940 1356612
1638870 447759
884435 749070
785478 664294
915433 515696
652632 1102093
982559 1798570
1319443 883871
423625 783575
989153 598782
698116 955777
838661 532788
930881 778451
856978 275635
1319861 1098708
1287164 817825
875104 1248262
1118832 782439
433627 1107599
1102903 914192
529188 909483
1162879 835574
1425330 1075104
951960 750693
919724 805052
1163684 560506
1291070 930082
1008913 1337484
648369 896570
1197577 1458907
1024616 830746
793022 965015
708987 949005
849251 1198632
79675 902520
1101419 643481
1571044 825685
686609 527706
924619 910377
798070 924282
984296 1241864
818659 783968
1210833 1209160
843908 491075
958391 1143312
1321658 880485
916381 974012
856522 1074925
455407 688250
1059540 483889
1198852 527011
912175 1195639
1091814 460905
698363 571632
528909 1009403
857780 618210
584595 1143731
1395818 318891
817843 646058
867926 909908
1303777 1190997
901596 932405
798500 578255
1215537 1147548
1457869 891995
1389184 1030327
481569 702024
1157686 932285
1319766 961990
968808 639754
697035 1011763
967275 717280
900251 576163
666956 1196886
996900 780928
491162 562384
898174 1072347
1084291 1090439
802058 1249068
821512 1215644
865522 1134238
887979 904583
1008041 804921
920480 1393502
682022 919961
482058 895880
52705 1048499
1126474 795406
817170 555004
958619 1320798
797646 1810348
860451 824725
1150591 525284
886619 1387288
730450 922083
1247283 886050
808342 1283872
637217 1515717
877710 1065123
757613 777052
784224 957378
286760 1143350
1479534 1119669
483517 1114796
859600 490461
337485 592325
1235931 1112889
730678 1238234
848598 1646909
1095059 610590
1206291 1137453
264646 846805
1384597 1209875
1554420 963171
1302976 860000
505223 688593
872677 582736
1300387 989063
750381 537097
1659771 1216664
667099 1299949
1424989 1403534
1033804 1015085
593287 492140
942487 1357026
955966 660854
984328 879268
265660 770307
1218023 977773
1411393 623185
973169 976000
1080853 702093
554196 1073974
1130858 1022744
814451 1397944
493720 1330449
960642 1082994
1140920 1133010
846633 664951
1201981 1175127
1039037 1064740
1190195 981054
490624 1032329
857095 1246387
406933 1603349
535783 725169
1362792 987128
846062 883132
418592 891014
826791 1211658
754198 818644
0 1128384
1051991 560469
664957 1156919
969300 685110
983887 731317
974376 1064856
618148 1177939
970301 482516
1055913 1095309
1048513 1120548
1024734 777576
997328 795097
915005 1461055
465860 820278
1207349 1129831
1159407 1256792
997867 741602
482467 715433
947401 1114929
746467 715074
1216969 864620
945175 1324650
943716 1382639
850534 1032053
960473 644818
1176605 1135031
846641 747649
1023639 891432
1025511 1223448
696029 1418809
699687 646151
522858 1237800
1127979 464998
1250871 859698
644677 1695091
1128407 1213589
1180325 329858
722003 861096
692345 1070789
852203 714874
1520950 1271178
791281 761973
525816 831997
360367 1341634
456689 956780
912462 1310377
909430 776473
1236510 925539
1078466 724539
670293 993349
576044 767519
673349 1197699
1136092 1191400
829157 493383
552217 799499
877012 1136630
804101 909963
908366 689582
979716 1423834
580410 769464
715859 1316377
754718 1314158
755254 701565
646210 975343
619974 1127038
477359 1280173
970876 1117453
1019606 732834
920441 893363
1102831 1073480
883704 1289632
695580 789922
939837 1134077
774095 1114421
864899 0
831766 747820
623385 1450272
1009227 840354
1285702 1207894
849087 797412
866616 918803
1163641 802640
1206584 1401479
659955 769334
598903 1074187
854863 373141
867636 738981
1258209 1346008
1108935 927691
716220 1020711
279678 1246392
1573211 752338
572497 637558
529100 1101363
993463 722569
763787 1178178
737002 1443347
1156263 412821
1217584 800333
970592 1143309
630195 1078420
1232144 751694
995541 589323
1057499 773219
950954 1011696
570910 867194
731298 1460128
1297405 848625
595926 1303110
788936 819216
1090958 1408288
554182 1265664
624412 1160547
1143334 503819
840104 1050731
739129 839029
1342084 775046
792862 898442
874212 971721
1535307 480570
1416215 927374
698572 948779
1269568 1100022
332037 840087
1152435 759903
1067805 976999
1414330 1069578
908375 1485849
528777 1151791
1419792 92663
893307 1005824
981326 1265430
1423762 688343
1666964 1042656
372560 1198063
758285 500873
243634 740214
1295843 1134394
1271859 854199
970842 1054301
734735 875747
906961 919303
915038 689494
1138257 855694
1039977 1220429
805968 916029
623499 600049
1041904 1734444
744216 228504
512143 889542
1292798 547454
692540 997944
710087 1138362
822620 768716
770959 984778
625198 672152
817320 1519597
765139 842762
707157 497429
1145519 948061
945579 1071559
579828 614611
1570860 914748
822500 1197474
941772 771746
670661 1061630
718624 854848
682694 333377
1308228 516197
589611 1358988
717132 1229619
1228353 1233730
351648 1216798
642374 1468294
626845 526119
1126769 222874
540500 443043
839666 925143
917264 1097969
454183 899692
1262879 876318
962905 444835
878281 1333913
695983 931993
432383 512129
924532 1168578
1077607 1031725
1469641 674611
353593 458939
1030155 567633
903514 677257
1278593 1399869
774992 842205
733537 1061177
1185897 854754
920037 1004958
789926 476673
602450 677510
1411211 870446
863485 696663
1031737 863983
1204733 918359
771033 751440
660899 436636
790248 753349
945469 1155435
750689 754286
880123 940089
829874 1154947
326954 1481468
1393680 1200977
876540 1120039
964768 1309473
605125 1169899
613594 742453
366007 675997
615886 916397
1135341 1034313
780506 1044206
866540 421464
1104656 1182488
650473 512012
365010 232851
291809 1530497
1262183 1315722
1520462 1170207
1016346 793111
651376 1179411
804360 818879
872567 1397669
910199 622204
907426 804374
1183683 1193688
1142337 1057691
1269765 926962
743042 825707
1034648 665065
1095362 767210
1057203 947989
988186 1041219
400781 701913
1037267 1012141
807563 941891
539471 822615
1258938 1724593
749465 1098677
1252489 673617
1209888 1180155
244736 548999
865285 791889
1223074 629047
454303 1190658
1104506 1101578
805643 839734
1123308 868148
1035943 881226
1162012 919199
646838 712326
832843 1090250
1097835 1131033
1083345 684303
1349922 1059394
821206 667233
683496 1082420
1338025 948307
861216 826723
738718 707578
753904 1417940
724424 1345154
1059265 1253848
694384 386411
1188787 919492
1022719 1344945
939012 1024458
1223287 1467579
1015811 1023270
1162307 778175
806122 657186
1025440 832491
835597 740600
1252311 1048233
900746 1063913
1324022 1359126
822708 885009
942956 937102
1069754 895474
1343352 1108507
1086212 1221564
539950 1028906
668606 867186
1487364 828658
784880 794264
1037085 957649
789299 940634
783818 1103826
519298 1006574
970554 848720
1344343 553116
685241 1207447
1021149 1099182
842603 1351872
673332 550990
809152 1232174
990377 902622
926175 724757
851373 371572
379904 1172391
667201 706143
1231943 1452112
1299407 1254405
686137 1317398
848766 897368
1213706 677482
914095 670691
493523 1170018
1054290 1241272
783849 951140
1213442 515374
664687 855711
999663 585332
673997 956756
