34811 25187
17583 19396
16432 13459
14216 26533
17482 25664
29264 3919
25773 15441
46438 9982
10729 773
22932 58308
25393 24106
36319 6772
2991 15506
9277 18390
16914 7884
6185 29882
8425 22522
20890 8807
50232 6007
19783 16105
25905 10171
7962 3846
14736 32217
10071 2549
6551 10168
14737 25317
37675 4411
8363 17362
14568 47101
21609 16467
9746 39509
41298 7356
16115 16792
16126 6710
41934 210
39607 20264
21457 39980
17623 22635
13444 40113
6462 16684
33981 6343
30340 14576
5784 38504
29796 34178
14720 21119
26620 11676
32576 7193
22790 32707
7525 10625
2225 7702
3861 10214
26468 2405
2584 4865
27365 22
9766 5933
23763 14607
9847 16092
19707 22385
16843 32867
8608 23567
32278 15903
4548 8484
11680 39738
20214 25531
10569 19691
15303 20538
201 8571
4232 58425
46140 67459
34238 2871
9666 1726
9518 2950
24749 50
19806 22711
30814 24982
9783 31727
14670 388
11818 2204
2502 15398
8133 2412
14775 3644
10205 265
9645 2446
20472 10768
634 1795
5073 15941
19145 7280
19177 22602
23890 13343
15602 12228
4139 19051
10032 14915
24658 14922
3250 425
23530 5084
5934 8526
4805 1109
3983 6488
49206 9364
30124 43472
29878 9186
6534 31915
23361 14798
1483 12413
2452 24634
11374 24046
28996 30966
27151 35897
24552 29596
18667 11365
3051 1935
15996 15890
10346 13920
6661 16033
2533 1277
4924 15324
15847 12159
10229 7152
7768 8897
27778 2724
17254 5660
14198 12147
16280 26538
8546 15094
27023 10465
12979 38112
2741 3068
26393 1275
21860 8321
503 10812
35546 17215
8578 21235
13050 33352
10747 9759
32527 20273
25999 24074
16943 3237
42495 7942
3853 19654
25324 25505
4322 46717
12188 289
10052 15513
1447 23124
1368 7354
7709 18224
4751 17156
11966 2502
13049 8862
9662 30595
32377 27398
7377 33152
17421 8592
17797 21645
27308 48996
26199 26571
8782 26632
3459 15270
16394 19933
24720 20145
7888 6729
27768 15677
2375 15421
9447 3820
15739 6954
6802 10712
23771 27617
10943 54868
3028 9058
23742 8859
9366 15208
12639 12679
19882 11578
20591 10587
41208 11419
8255 15053
9753 6216
24591 10447
18521 20459
2149 39066
2170 10444
17031 23427
40902 20996
19606 11458
13918 5763
5447 9604
5613 18642
25252 21916
48630 14239
26376 15795
22041 14363
7072 22903
19717 41946
12492 12454
29760 11807
9247 34065
4646 10739
5151 7664
1740 2243
9090 6680
14249 29800
27113 15561
29270 36041
9951 3517
25469 15069
22848 8059
2975 54825
30491 5911
13091 18374
7720 13223
38594 32688
50532 29259
20572 572
1302 15975
36642 5107
2677 26597
10912 12594
9138 17098
41371 14213
25177 21950
28028 17194
33776 18230
6892 66163
23094 21525
17130 12131
7270 15174
8790 26252
12904 8205
22086 22276
30880 18996
4609 23697
45893 16687
4928 26793
18729 18603
18412 4363
24550 11630
31914 2530
20337 16312
53393 14396
3846 25815
12400 3573
18279 43721
39615 953
32288 7472
4008 28147
21259 6138
15199 4877
2283 23619
33215 170
6955 15
11777 12382
12074 24042
11718 9638
1369 18852
13988 11173
11119 4553
66886 4885
20638 8006
15417 43780
30598 9516
13282 34046
1166 4868
18371 5465
34471 16939
27559 20849
1344 14408
6255 49512
23919 10294
32630 11626
446 60114
17936 3052
16995 26799
5360 471
23329 27275
29326 31854
10639 8777
7140 27265
8733 4247
42487 24082
11916 4837
6720 7089
17166 34240
19714 34939
20823 6054
4269 750
38562 2259
11126 3469
8077 9685
20806 26197
31848 11237
6952 2185
9416 36619
30190 15672
4972 44353
3266 13015
36473 32847
36684 22542
8816 736
12938 10461
10619 9751
5605 55566
16775 600
5392 36165
7744 22272
24088 3711
15086 914
2325 36723
14403 21637
2514 31650
26460 10518
15423 15130
5932 5222
7932 20548
49934 9314
6503 4386
6068 7188
5808 939
1030 2182
10853 31026
25465 9943
19944 18509
3451 16613
10332 31429
23958 5618
7412 5893
13910 827
31159 4708
24870 25071
8163 6919
8270 30015
13447 23498
3349 5511
9207 701
42140 9303
16877 12239
14182 29060
15617 22663
8818 10589
23944 14217
14938 66436
11336 22032
9325 46202
11555 11858
26827 48533
5620 33553
45495 10721
52869 2361
13010 13637
65 8141
34179 9128
27681 3725
8718 19388
31372 10873
11452 4302
29629 41643
25609 11886
370 2297
55553 45422
8435 25819
268 11731
208 12008
14847 41463
10321 19487
15997 5113
32182 2829
19252 26692
12614 13984
13436 5177
542 5945
27840 8344
35365 5738
15407 18934
1507 13170
7294 25825
9694 14345
5640 17904
28276 1642
8837 4291
28705 19082
575 11657
1407 6
5257 39359
11261 12224
26756 17841
10840 2596
3864 22581
5097 35650
26452 33182
2034 14119
29691 56731
11250 9630
13786 717
19053 11025
4855 5654
2813 4663
18399 14258
4807 15933
11561 406
15911 12501
4442 30430
12472 7890
5275 19200
42959 11604
12264 40082
20331 30917
6493 12700
6061 34760
19507 12005
3518 6162
7577 14793
6011 5288
12992 14012
13617 2365
27085 19067
9035 20972
5741 9609
10250 51656
321 21390
3549 30401
17677 4548
29262 30532
11403 29181
20256 13420
23909 26031
18196 30498
13297 27557
9038 31279
9649 4849
28567 10382
24703 13403
4712 4337
50137 16586
9227 28097
13738 12054
13690 26146
9960 13075
49734 366
5952 19501
21117 17752
7492 6419
712 2389
16241 7633
7523 13841
26475 23572
26550 1549
14414 9418
10304 15086
28720 414
14156 15100
282 14251
47210 21009
24287 20494
29422 8174
2219 20218
8690 36718
17821 1651
6735 37640
2048 16719
269 34827
7205 5695
1145 24661
432 7798
16169 21248
3752 26181
23053 90
15760 18669
23795 7495
3175 27706
15374 23112
5234 18197
36332 2991
30127 7669
34837 20478
7269 4871
3314 17750
1897 30801
10760 37641
15624 15625
38588 21636
30754 1237
7309 7959
45630 6786
42990 12790
19444 944
43902 4954
31532 20643
22839 10652
18803 12533
12329 5268
30885 34559
17823 5008
1961 6297
20876 14476
19877 10245
4644 30092
1135 3788
10083 4026
5223 18143
5055 37596
4138 24566
4067 5696
4296 27647
18644 3547
154 9814
27766 13395
4291 1134
5480 22146
19915 18944
29266 35661
19656 8199
17356 21562
8797 30778
2102 31105
265 19411
18664 11801
19809 2924
5470 42498
36250 8578
12686 7995
1926 38830
311 27841
9384 52375
30578 7087
9512 13289
20772 5306
4213 10389
18516 7034
29603 10686
4720 21846
5003 12994
49216 28375
9715 2107
46776 1371
35513 22717
15940 6117
2186 8091
735 13257
4552 15523
14703 3975
4921 16596
2990 3409
25960 20626
26506 17179
24321 22980
18919 13194
14057 24128
14107 28431
9529 20683
20136 2290
50682 7189
13925 24666
22570 26014
20973 29509
14591 33940
5403 26112
3208 2452
3881 4424
1033 10349
6357 3439
33104 15844
30924 17076
20164 6980
1365 4691
43968 10172
15566 691
11925 23025
5992 13689
15493 6004
5349 3050
21874 43615
4086 12247
8730 39609
4668 22719
13764 20431
9427 19840
17335 8445
14299 10939
6707 20061
22427 10165
40753 11457
18526 17248
1236 4696
3628 2082
39623 21718
9155 21567
10661 6432
15144 18328
4934 19086
3620 24115
3986 5749
14976 3494
3430 12952
14458 21659
2229 6722
22403 20397
15869 31651
8240 9216
536 21744
27619 37461
10788 19349
22106 34545
49221 41283
17931 19544
42974 25261
47325 26494
17560 17692
21465 36636
1675 15709
10494 6342
4016 6597
7202 26531
6499 2437
13255 30386
5514 10566
720 15764
992 9705
26710 3694
4273 1723
17606 2779
24274 3483
20045 24613
21642 33331
8462 2458
18309 332
4876 811
7089 8636
7173 31737
41016 14702
26443 5277
17044 46958
10068 3472
46385 11335
4089 1617
33578 31147
16934 23518
22173 20092
10192 9166
5434 14868
5811 619
7112 35976
4187 4470
15370 20517
27456 9643
10704 25165
2948 2570
8534 14149
7497 4167
35573 9033
26641 15415
50161 51347
6719 22787
41649 11796
27279 19199
9904 12036
32544 27517
28630 17195
18035 1285
9503 29277
22302 7833
18995 30433
38764 22634
29883 12629
10998 20080
15809 29320
31751 30768
5130 44520
8213 21913
3116 25203
18122 13215
10530 16360
18499 6001
29964 34439
27376 16378
5397 24851
2441 27762
25933 11061
1548 18887
6169 34406
27863 13746
27 3947
13490 32524
24240 16707
2686 2166
4848 5536
7438 5155
18082 25379
1233 13529
7930 37519
8127 10582
39672 3673
28412 24184
32223 28879
14866 21306
3095 17003
12303 6183
45585 4659
279 45721
9288 33842
21884 16185
12289 12575
36271 1496
30157 22853
14554 10086
6017 19410
26132 34129
20674 38564
19670 14980
25906 10194
3582 18149
15180 8510
18329 27914
15090 16564
30917 15279
21746 13030
14816 2404
17408 17571
12003 2456
18867 11999
24482 15788
27250 39311
16095 17993
14699 30172
20382 16726
1963 49592
14327 33922
17801 26039
17877 11065
17476 40527
13682 52223
31995 36115
22459 12921
4168 1228
308 19439
22988 1644
23052 38403
5979 98
1588 23042
6460 22169
34253 28662
32828 4851
4448 1739
816 23595
20179 7102
7382 27668
7617 16612
17351 39330
3933 3217
18569 44744
28994 2785
29882 1897
27258 8284
3538 847
35600 10250
8732 14490
16192 21388
6704 24700
20422 17879
17205 9995
3516 37523
21912 39254
641 3666
12204 11374
7648 7026
48752 2370
18651 41008
29949 3032
11987 3891
6445 802
9629 13943
8220 13002
13170 3393
14675 8236
14927 11440
24152 13291
7215 32593
12834 15294
15941 7380
5896 33800
13186 48537
2483 20178
42725 18818
6375 3042
16704 23990
19848 33137
8668 19207
22098 6449
11350 35663
12284 8437
24460 11145
25211 18777
8429 4938
44628 11527
2445 12936
21525 2253
10403 9822
36976 1205
2343 16287
34554 27985
15203 1353
7181 5712
25129 4338
34905 21568
14645 34872
6331 6950
15411 20029
20599 4607
24560 29569
3233 22047
5519 41010
7839 44839
38294 405
33462 39400
1316 19942
12939 39636
15779 3210
17098 30872
20898 16439
518 38078
5998 39820
5816 1551
13558 6094
7258 29228
45571 38555
27050 28970
21544 19986
42352 18931
2248 28917
20833 15553
7184 40892
7230 7850
6755 20674
179 4004
34724 21755
12156 30516
16084 7783
2568 27866
13549 13774
28927 30929
7381 10782
3622 17298
19624 4488
36517 26503
10359 19911
4414 20274
8119 11085
14020 8482
26611 31061
18518 3143
11077 38290
11014 14887
5735 7297
32986 10093
1634 5884
25160 46358
46067 4451
38702 51
29497 14139
3427 19339
7959 3059
2106 16435
25708 39869
34168 3832
33028 22619
14336 12193
15219 34979
12208 15761
52955 40658
4878 23922
14364 6334
530 24945
1955 11307
38258 10264
1985 8674
11591 7976
13516 1640
9383 22226
126 11330
9838 874
26561 21453
14647 22422
20911 14228
17744 9298
21928 21298
25665 4589
12381 1544
5515 6046
1456 4946
16046 24633
46732 24799
4478 50041
38754 27646
1691 47
32262 7529
1465 45100
20098 8933
7708 8780
18511 4101
27788 8960
17506 2841
24124 30278
24483 52217
28080 28996
24510 4154
13779 2312
31556 12781
28545 38478
37258 9095
55169 1016
15 19464
15981 42679
18369 3077
9630 5526
25488 9144
52107 3867
3519 65143
11752 5973
17832 10684
11383 26182
36303 46891
26296 12914
8969 16294
30659 16528
23978 52114
21066 25931
3431 7917
27179 41521
21817 8583
11626 29231
13238 23881
4444 25296
40063 16167
26696 7972
26717 16364
3580 1158
10455 3113
47520 4576
8208 4543
18177 37008
7545 15352
37415 61231
18438 2932
17362 2624
18417 23035
34170 9571
25678 7430
28106 3245
8376 1741
16256 25066
28209 3970
27953 23896
31618 22475
13487 12889
13303 21361
33512 7322
13237 13642
2816 12746
21180 23462
19618 4892
23145 37315
18541 18734
16018 19828
26212 10431
2039 12669
18352 17145
228 6655
34509 15648
14740 5715
11512 5496
3300 2687
9899 44799
33024 10847
7340 33214
3292 40407
10390 26648
30806 11052
8354 27159
27915 26639
36776 6891
38292 22869
28958 4435
42912 2534
5508 18605
12803 30404
6274 11012
8904 42178
31799 1751
1654 11545
13190 10297
23228 33879
4289 3168
6406 41
16832 17122
36951 10212
23264 22353
7713 34974
16390 8151
33842 16217
9374 17849
38049 9827
18095 5861
32016 1635
35899 36942
4299 12313
26091 1571
15022 19442
2530 9382
46581 2323
46309 1116
38491 314
11079 33801
27756 26365
6237 5535
12659 3280
6027 24284
3086 9179
17639 52990
32400 6263
4616 51501
2233 14862
24861 45155
2952 4494
1444 9328
7868 21952
9482 19945
2702 62698
23379 2261
23343 5700
7908 8787
16828 9045
19120 16897
34003 22342
31421 17120
11173 4854
23772 3337
39524 38007
4127 3103
1200 10316
11020 2139
13320 11047
35875 25451
27370 28619
46897 12010
19509 24686
8347 13256
6803 16640
13362 8150
26315 32576
11373 9958
11524 24271
32678 4034
7827 20825
16777 18612
7147 778
9874 14088
58053 8267
25519 6152
27596 26634
10470 25733
18027 20714
9854 11670
45258 21431
13410 24306
28714 9846
9641 1379
38205 17083
4055 12307
10691 9910
21168 30427
17004 260
24268 10454
18084 12390
43456 21133
5631 13999
24853 21120
6974 2510
14172 5600
11202 30703
3056 9655
7690 5076
14731 15669
2337 12996
6025 3880
37609 26034
1538 8372
7683 38406
17287 24066
35093 15695
9106 13384
6714 8512
28024 8708
9684 14381
17499 25405
3781 30671
69 23077
18290 38001
15631 10854
14988 13566
20773 4212
368 18220
22928 13124
16839 31776
19629 5528
35957 1146
2946 10155
6880 28764
17180 397
4709 66
11054 33551
385 28245
9792 5266
45442 15078
8648 65
31220 11160
23694 7109
6578 58869
13923 10750
27646 2587
8279 19209
11233 10386
7149 4752
31295 22254
21287 177
9 1474
29534 28312
20954 37165
2412 32876
22342 11185
6829 24252
22876 25617
13765 29257
21626 2086
13628 6244
49471 8338
30383 40166
30427 38191
15510 19326
1224 21885
15048 20296
5459 23656
2725 2617
36680 16745
16585 7457
31286 37212
17017 24534
5500 33332
27810 29431
13574 9259
22992 6481
8597 19571
182 14844
3715 9799
7659 3009
822 28493
14914 1124
14510 31705
9894 16926
31419 12294
28993 5990
23060 19302
24261 42616
17028 2897
40307 22651
29597 1437
10025 37531
39282 9008
43707 2733
4447 8132
12158 8433
38628 10008
28207 570
3803 38412
24580 13785
5376 4970
1534 33676
4981 2591
12296 2269
3857 49083
11379 38711
29871 3109
35884 9188
32228 6253
31913 4881
26174 12569
13611 12938
1794 5963
4324 13174
13938 5326
1778 17697
23624 9528
25231 6654
5428 5558
84 8518
3940 1871
6142 29240
469 16114
27569 34249
8074 25725
8751 8435
10263 410
33536 11512
17173 20386
10253 32905
41084 26553
17095 20310
36045 64
9419 15854
27190 3283
5187 29116
17790 2813
12764 16705
9754 15770
17716 12845
16733 26427
5566 32055
3440 15811
4684 5551
14640 16676
42611 23898
17207 18567
7821 2980
10736 6668
42431 15358
18383 8479
12064 22565
44029 18630
27564 26836
8702 13133
18203 25917
13147 35942
13387 4422
3192 15402
41083 4421
18626 48228
32447 43424
11429 12544
12021 151
13112 15231
11064 28094
40524 1272
11469 14696
22591 41831
15519 264
29454 21857
16370 17756
19039 39659
9251 15498
9124 7617
20492 46657
11177 5903
11050 4926
35463 2707
6525 12831
8906 14375
20275 32075
2846 4089
8495 11156
42512 8280
2724 6644
4624 15665
25254 24495
30637 8449
11301 11748
12511 30369
10246 21112
9984 12602
31973 6492
9098 2105
28684 14675
31503 4493
41415 10741
10650 364
21952 36
5048 10627
41431 15697
21805 12836
38988 25741
10544 31452
12883 26123
22463 21056
10767 216
14428 11209
18253 25887
43780 18727
13292 49154
30831 6984
1356 12895
33463 4547
19851 21560
6347 14728
27170 3585
13124 6629
20368 23067
21111 19847
7308 2594
8302 29591
23768 42429
4932 12194
7516 23992
7073 18744
7566 29708
21226 10545
15675 38977
13386 1922
17025 27745
23453 18079
27908 5538
7748 32281
21116 23244
5684 22805
33436 17454
33135 25384
18414 415
10121 16871
15103 26192
6545 12246
18740 2835
31180 10215
2917 10216
4884 34815
30668 10530
810 33322
16841 22478
591 14971
4549 30069
38659 6663
1377 20507
413 14578
3395 9421
2435 2439
48137 17110
17717 30071
5122 18696
19761 14733
7850 13290
345 2248
3658 763
43307 17009
1585 27529
9737 46956
16927 8530
4860 4822
30162 19118
10380 48076
6206 928
5543 79
3729 4948
1015 7328
37630 8446
22702 26167
41603 19658
37044 31745
26464 35698
7415 8498
5941 11009
24298 15902
5362 61134
31330 13914
6067 14136
21539 8
3016 23542
18501 11660
9530 38397
41996 12628
6567 28708
46886 3776
26737 12782
41762 33157
25239 25288
9884 46143
24652 12202
7612 45898
9810 7986
17831 25971
11466 7278
5104 7434
25293 6325
29836 24992
12756 10710
15382 25102
51949 549
11800 8989
21620 20125
29568 13594
11318 7508
24824 5212
29371 5043
7343 14564
2666 6570
38814 19878
26463 30529
12434 40561
7631 23994
19043 32981
12245 18542
10337 9127
7960 39060
22619 15239
27336 19530
30642 9585
5157 19957
27070 9728
18668 22298
3684 17150
45085 4912
37332 1042
23185 21207
41765 14976
7145 33949
11316 11792
20560 5554
40250 37105
20153 12221
10261 25847
6349 2184
10994 1287
30336 20612
21514 22377
25230 31310
27846 28786
22224 27278
3006 56972
27079 5346
2313 11895
11888 44675
31994 9029
25894 4665
27390 252
12348 6059
10307 7047
7849 22245
19370 3886
1146 5814
25178 18290
9569 59506
4850 15381
20334 4581
5457 2817
49074 48310
17961 24530
61811 6802
25815 2801
53507 29018
15690 14845
7347 22398
6756 10916
9500 12408
5795 862
15714 11743
12279 1754
25654 1204
31403 10553
10236 6472
11399 8054
4096 18280
6514 19275
15228 4140
7668 8620
19348 42632
2526 6873
19562 4919
5111 10774
30314 12589
6928 7655
43840 28461
9135 14444
34828 22865
22476 27158
26051 25921
336 43
26799 20622
38831 21411
9938 27644
42285 24092
29599 28734
21375 2226
55581 33503
6167 154
2013 4458
1035 5413
10868 25192
27570 17210
17914 6065
8918 33391
19427 40917
21021 10201
10807 13686
22994 17242
3952 35387
12114 8031
32588 5772
20529 12463
4693 9197
16014 17671
43513 7323
3392 18212
14549 152
3107 6089
5439 4317
29782 12777
23159 5909
5976 8033
40592 39190
32241 14566
9303 3224
7445 55981
271 4364
30421 7604
46980 9606
34977 27468
48607 17354
22177 14019
5011 2494
10335 2560
3885 16106
1545 10696
13584 8277
15827 861
40031 179
5195 4148
24489 9371
15242 5782
5096 7572
6249 2497
21266 27692
16579 38527
1901 55571
6973 44644
34273 21028
19548 38799
6134 19254
11793 929
21088 9035
10870 95
183 24412
30225 7485
3329 26827
4912 6211
17119 18502
17084 27352
18214 33191
658 7971
25929 12757
5578 10945
11031 3437
2008 47398
4387 10490
34676 25776
51610 13662
3500 18173
4976 834
32764 9753
29380 8733
36018 26554
8430 34084
18685 9891
38507 28686
7511 16451
12351 258
35231 21721
12233 25575
1063 9811
19056 2056
25707 35438
8638 3633
22306 10642
24389 13541
6447 23667
8065 6302
20688 1171
31107 17316
12028 14970
5221 12615
7086 7100
8808 13732
9171 11378
18357 29644
56776 4792
2071 6420
276 14128
10517 21333
17185 16532
17272 18305
9554 6969
10438 12712
17517 7244
25468 12865
1773 15385
21204 4841
8135 49519
32519 25443
18575 2367
46351 10399
17545 940
19137 22059
41897 14050
2431 5170
9003 36956
3804 9388
11883 22598
4623 11903
8329 1242
12118 12579
19074 35597
35115 15743
20089 16988
25076 8352
284 22252
19101 30075
5261 2007
16637 33035
33100 1856
492 11224
16149 14631
24156 28782
34226 20030
15316 15930
19598 41912
5796 28858
16861 23030
4234 17679
4431 19806
7747 10267
23332 28137
41026 25550
33158 29347
11805 32852
35165 23991
3619 335
2410 23783
8071 19622
2932 10306
10979 13266
21001 30573
1334 2666
11395 19910
2298 23107
2372 37916
4170 13877
22701 28456
15008 4573
22376 31823
49573 10647
18158 14551
29778 5614
3559 46801
17650 12383
2141 29390
30490 27804
6463 5638
224 2165
38059 1465
4395 32450
1824 17982
3714 2513
13937 7149
34625 2881
17540 4711
48871 9515
3154 20558
23336 22746
4266 15169
10675 19385
23408 6930
22537 10119
871 15286
30183 13383
15702 48814
6617 2900
28364 10150
13229 23749
11656 29755
6795 27754
21829 4314
27166 16042
5316 20738
11885 2573
15289 2506
15235 4627
23471 14431
15526 20312
13137 11975
5335 10910
22345 15940
200 594
11479 16565
11242 7038
3585 9806
38593 10682
24446 11394
32011 12099
15653 26438
4698 35944
15135 10370
41142 30358
4749 33877
6353 21236
4660 14767
33540 8262
6273 1569
5660 3567
4551 10100
23615 9476
17149 679
17385 20976
11704 2196
6859 2623
473 13201
25011 17729
6742 34488
27873 23138
26649 3962
55677 27812
20058 38292
44014 47029
16424 24473
30528 2734
39373 17235
15041 13366
915 14237
43609 13299
12225 4831
51891 11102
13330 47631
17953 13994
5532 5632
2781 1005
12093 32093
4983 33023
3333 6195
22869 32306
7052 131
19260 16063
1674 8803
8280 1138
4843 32097
14707 31244
26500 16478
29820 21710
30933 3123
427 2260
3234 5140
31946 3802
2577 3228
19732 592
18549 13315
10525 5869
34349 12796
4815 32954
25689 539
6533 7061
15799 29736
3822 16320
6397 7201
6921 8811
37354 21330
21900 5247
15850 12917
38232 16339
19563 9684
19005 31278
21898 8369
49238 466
11897 17146
12024 3964
20713 8754
30094 11599
22089 15620
5102 34022
835 20913
13163 15712
2620 29783
5803 26363
7623 3678
1239 17847
5175 16731
21036 9302
18178 4800
8024 34459
30254 35915
26723 15289
10894 49876
25044 35753
33373 18419
18938 2476
12060 38594
5518 1000
11878 8997
10027 18959
26374 31073
6999 9619
8391 5568
15413 22529
35197 61366
27622 3841
33191 59214
13240 10311
31022 31358
30978 17029
29962 6773
26083 1793
16357 14389
1226 30598
968 15755
10426 35247
6500 38088
24182 22966
35279 21382
21753 22586
31309 33888
18633 24294
15507 32000
8724 26149
24174 5821
12000 35592
20295 14043
42996 5498
35352 8047
14239 1515
30119 21723
40005 9357
10786 28247
6469 44302
6084 7173
32250 14587
1816 30850
16784 8824
31593 607
12313 7025
39734 28173
2922 3197
30230 24108
28225 1542
6504 33263
24457 20336
1198 33544
33495 16875
1885 19047
8814 13084
277 2294
884 22607
13881 13825
13230 2962
14122 4990
1586 42590
5547 13978
30778 26927
2197 421
19844 3932
10521 42416
11789 678
29502 6225
7032 9576
26816 10360
5981 23373
27143 27436
8548 28949
2339 1732
24027 1649
3731 5851
10862 2550
6422 42
29210 6938
11826 39466
26253 15931
14124 10000
9882 17198
8503 62
34745 11198
8358 17469
36565 52477
19320 13307
5894 1921
3623 39700
23448 30445
12509 20666
2887 23928
1984 9267
431 1734
8447 15747
17360 23904
43325 22934
3225 6665
5558 8383
47007 4532
37887 38547
10011 38341
24502 2002
44518 2360
12083 51350
30953 12033
13542 29214
19987 26879
2255 20114
3911 865
12452 29652
8413 3948
2427 38600
11082 15429
3788 11340
19046 80
21462 31861
5258 9142
13278 35340
1988 3097
20446 17762
592 2447
10716 9699
26081 18107
244 1684
17456 21049
16597 8477
12119 24224
19097 3180
6415 24055
9836 7980
6062 10602
33235 2034
4362 25852
41699 3627
2563 5580
16971 23330
35042 25085
23504 31894
4591 14281
2899 8579
40723 12592
6580 19392
5484 15528
1658 13665
19588 29775
1414 2061
5189 21402
29662 19261
42603 20430
16651 13379
35031 35616
8563 9115
23905 32215
21520 3803
23333 24201
10480 6218
15697 32183
11712 27141
30972 21231
9734 32764
15331 3111
22564 487
8467 4336
47321 2240
51691 7208
32571 6440
30378 11651
19296 2866
29636 6917
5018 18752
3462 17730
7581 10949
27014 7764
10402 19301
7261 41273
19255 9570
8755 11383
22007 14342
12644 11708
7329 47070
14997 93
20606 15655
39132 4773
25967 269
8214 33006
874 12420
8079 20878
15740 8819
7938 2049
3858 11988
20335 20852
36936 21472
11044 45018
19743 16387
23904 2887
1980 17028
12237 3156
1631 1139
11174 1061
11217 382
16668 16828
13565 5049
33922 84
3513 14687
30780 15085
19674 7224
11620 6161
33005 488
31266 3410
21618 9500
91 9629
6987 23821
56459 1282
39692 11540
30244 20565
