12647 2177
20638 2634
9057 1902
10510 23217
23403 31667
49308 10486
750 2002
16120 4699
17463 7055
4221 10038
41136 18925
15546 17720
33358 13755
50135 2383
26974 35612
43333 19108
4228 28410
13166 9131
29809 15493
23070 35521
3907 24432
5238 8404
24465 8865
12057 28151
34429 7781
11203 9670
31745 8999
649 8923
4208 27290
29981 2184
8274 2247
17012 19091
11347 31176
5210 15312
37046 6789
29050 22501
1342 18390
13565 43621
34426 25863
32147 23858
19274 30702
24373 7752
6129 3262
33308 8204
23013 4296
9780 26403
5710 18708
7244 7239
17295 4249
20187 25181
11704 16508
18351 14430
32702 27412
58907 14088
12523 3902
13693 6132
30610 1664
20354 1562
15782 21868
10804 32828
14085 44225
21167 14100
1668 34261
25312 1417
15564 23733
22272 1481
31234 8561
31489 6046
28186 1996
24651 11717
18324 3720
23304 10433
7004 56211
27855 15097
2637 17236
35104 9065
5077 16650
7266 31755
52229 11508
23651 17445
12306 39702
17489 2451
23373 5312
4576 21929
33119 8072
3508 6652
7759 2127
17564 3971
22493 33954
7781 26323
4342 8180
51023 31434
10665 15387
14665 48055
7153 2245
24739 11476
8709 62
16337 36180
21306 31762
38473 2537
10191 18480
36863 9493
13560 7148
15523 4494
33428 29920
13618 6985
20217 14994
62186 679
3038 13316
526 7977
5183 15609
3063 20258
54449 17592
42417 29624
25200 3697
11280 43741
3358 23083
14975 11851
18591 7222
386 31259
33313 2934
34480 13869
26986 2888
15080 32650
6941 972
6210 6552
24902 7719
3837 23155
34665 23285
13839 22801
12503 27074
27151 1477
7108 5156
10980 5224
667 1389
17829 480
24538 15786
3575 12109
31394 21812
702 25725
13376 23630
5595 31292
5827 63163
25113 17447
13691 40509
19975 649
15810 12502
5856 10822
28282 35007
23486 9676
29987 753
12145 32148
4378 29178
4641 23958
17928 41119
12591 777
33248 48
35200 5041
19870 24238
302 43509
2623 16541
40712 10048
4234 15015
1305 18667
56217 6409
32333 9845
3997 21072
22862 24051
2250 782
9794 12463
16238 19244
7892 27557
366 448
16324 2298
11849 10744
3389 10179
25332 31114
2543 22473
15073 26067
4946 19456
23178 27898
8368 15370
6269 9603
11867 12209
8310 10060
43382 58934
24098 23401
12358 13504
1391 3285
3137 612
10077 6000
2679 19382
3782 33667
10187 2526
4578 7776
44067 33223
1429 33472
23248 8575
6754 5503
25890 39815
875 2378
14638 2458
9244 15952
10723 7042
18670 32276
24713 16197
21395 6544
19129 1890
30243 1810
5775 21814
33558 11718
47579 7310
2864 30277
1900 20948
9197 19265
43873 6609
2097 17523
2704 13685
13573 7384
29457 2015
9167 17030
24517 10436
5448 21616
16873 305
30946 6741
12746 31754
33115 31918
25582 45722
6908 52613
1561 3008
29583 11708
37483 4002
202 43874
1946 21403
4242 9222
8874 39129
18432 6136
6379 15546
6171 1051
14005 11221
5247 2089
6078 40081
4512 8377
5144 15924
41145 2143
27987 22004
18608 46057
16357 46800
6705 37115
8499 23826
6704 7340
23528 11939
3069 39457
844 15627
5740 22377
4274 31807
22184 26086
26164 20220
26403 688
25182 24564
19046 10961
11134 38026
15299 35660
11720 9558
10570 959
17906 10274
17434 10559
4455 15330
2139 13910
26332 3196
1516 15494
24534 6169
11522 7190
28775 7481
3436 24084
27857 22626
14583 24120
19746 63497
8385 11666
2223 4899
9718 3666
20787 18403
11616 3598
6991 20294
6595 46616
13694 5829
9248 12636
33440 21865
5395 5046
5492 44150
2052 10043
17697 11353
14144 819
1781 8558
29782 37755
2352 3954
2959 3683
23424 5369
18987 4454
3342 469
5297 4998
15941 8855
20287 16951
601 5649
17705 16967
12270 7335
24594 43935
15807 20628
27133 2680
28022 25401
29441 6591
15730 27374
1183 4934
17308 19059
30330 39987
33 47930
11495 2203
14245 7706
38735 10365
6674 3503
2772 11082
21920 1384
15219 24403
27477 41640
3765 49378
39834 7714
30516 27944
44052 25699
16299 2752
10671 15538
24968 41508
5322 2276
8924 10790
13449 20568
12895 24700
7995 2669
31770 49077
18088 24466
12235 57302
25365 39181
1706 12112
31612 17170
16026 24312
30736 4291
23866 22424
1728 8
34360 20311
17696 13067
31113 37918
16169 4705
29950 2132
19116 36964
19062 19900
17722 39595
30303 28031
9652 51140
32510 18962
17558 9247
6915 8009
8514 13856
22502 10662
6641 38593
34655 6158
14096 5609
19051 13913
6050 14707
37378 8112
3395 3721
13793 70
4601 27076
1492 9049
3933 46055
528 20624
36330 11973
24249 17642
30184 6457
4651 10742
22821 4619
17610 17866
32750 7542
10667 55
6759 23827
11479 5039
2129 12558
1011 5697
19942 7279
33565 6206
28691 4537
456 30811
25899 40504
12630 15423
4499 8659
11451 26675
27964 39218
5867 39783
41363 3910
15511 6792
1323 33433
6249 14013
710 23268
3194 13663
18751 2301
10885 38225
35407 5144
1747 14404
7607 30238
19237 17255
14696 34609
16930 11887
7457 28611
18950 22593
10065 19170
529 25220
41267 8959
16304 17060
5959 31153
7885 2485
3426 7294
21318 7432
19847 32636
30952 5143
17641 997
6090 6318
12690 3773
21038 26449
15547 8554
6694 34992
18018 1301
11487 17209
17594 11608
39949 10363
15803 17867
15155 10135
32461 11130
11494 20064
9 3212
19774 184
38713 17233
335 13888
74098 10826
5012 11625
5178 8287
3612 42248
780 16708
26379 6632
5490 39425
10871 14194
681 45438
31711 1015
45426 7096
26928 50255
7330 10995
12797 9380
8679 28781
23867 55184
3833 15149
37003 40190
7481 33413
4517 4553
2111 20532
33710 1891
2705 7304
16430 2408
23313 18162
24734 17885
17325 15064
9969 18222
2036 15758
14433 19796
12728 38437
1819 9844
10647 4198
3495 14676
11122 24884
7901 5270
678 7588
18759 11628
10917 22674
10073 11795
22998 1370
22268 12830
51361 23091
10328 2039
2735 4088
29337 18626
29400 3665
26436 7002
31820 8969
25306 6716
28936 63221
7635 2057
18961 17110
7724 7278
39526 16799
1206 28968
4994 8453
3659 16256
12962 6250
22694 20091
5327 50267
20987 39562
20337 37713
9949 2583
837 24307
13867 30851
15879 1532
16960 2770
10461 10315
20270 1946
12860 6501
4034 3637
34784 25680
19578 19362
11376 9770
7319 22743
4772 4658
6344 11118
7445 6196
3159 31142
11982 5273
7174 413
37247 5806
26887 4329
2045 16416
543 11776
3316 16792
17742 11188
14811 300
6229 15726
11060 17121
1491 1009
9673 26905
17029 10144
408 1332
19692 16729
9571 7416
23372 6363
6113 764
5768 43144
9747 228
3443 10753
32522 21320
25356 27251
67 4022
56738 6839
22893 14047
24817 26988
25393 12512
2945 1307
10953 1206
1390 20443
26439 12768
8056 17520
13013 8144
18041 3725
6946 4452
40740 20325
35123 2997
28049 18592
10608 1896
25846 11173
13470 15532
19410 18220
5303 21508
3532 4646
6574 47473
11087 5630
26100 22070
27901 12874
1075 25591
24103 8693
37349 20953
34046 2661
24058 386
13157 22058
866 1766
39344 15528
1315 3797
40238 30439
7926 30789
7943 894
14292 5023
24749 2215
11920 32431
16050 3570
15643 13255
12621 847
29069 17227
6690 16658
12613 48459
12937 17796
7050 15645
14959 19568
6967 21863
37768 10856
2340 46516
36562 16295
4746 41530
14572 10223
19830 58
21024 5236
12787 14611
9487 12074
7699 7923
12556 12266
25931 7191
1620 25302
33669 11544
19641 22826
36256 26907
10469 6362
11637 38305
19216 21557
22384 27182
18173 12197
7941 4623
24645 16457
3692 18871
16143 16949
19951 4729
30793 21570
18362 14796
38155 120
1605 14004
23063 6543
5930 220
39760 574
8591 19100
9929 2833
8695 11781
24084 9522
12165 21540
25599 15778
37071 6264
615 8440
24654 10984
21409 43300
17514 7933
16541 7934
20879 9320
28689 44250
26983 6659
4909 8349
3043 25005
17727 26914
10937 599
3940 6387
4288 9919
14181 4065
1532 16481
29323 15075
24514 5712
36312 26976
32755 8912
24939 16555
12652 8239
26851 3766
20299 7313
16091 4827
10068 21909
15469 8690
25221 52612
14827 24162
4845 15683
20968 51748
30050 12035
1495 24892
9848 17129
28783 41083
13330 32281
7721 32775
10356 9802
5405 30414
6331 12819
29413 5671
19828 7395
5471 8391
36815 12672
387 1683
407 16424
18810 17894
19657 3155
28432 12982
22001 30974
5417 23507
15521 43653
10489 33545
22499 5278
21470 5834
38050 16805
9816 21581
39443 30299
9492 2903
2200 2128
4862 24055
6677 35716
19588 16548
21449 42607
990 1536
44783 18000
3705 8489
15272 23833
14515 835
32008 11182
24134 3395
27197 25412
27623 6224
3406 25467
7322 8060
14344 2024
26218 2519
4668 29977
18872 19610
34112 6960
28720 32641
26535 20575
22129 1359
19631 41154
20657 9250
13921 8741
2648 8955
2569 17336
8340 28524
16082 6407
28352 20386
56293 36252
23460 39872
3350 16760
26165 5218
5087 2186
7347 15846
7171 38145
9871 10909
27012 6769
4366 3151
28181 4939
47117 13633
32719 13762
12024 127
37687 5398
38339 2975
3671 37739
9150 19689
16606 3944
2809 23177
2944 37746
9708 21972
32592 6233
13094 19556
1169 26245
34366 66
25100 30387
22846 18536
30270 23718
591 3377
21918 14148
30538 509
9861 11773
17898 33331
26854 2420
19499 23681
20945 28176
6296 34846
54872 6406
26528 21910
19885 962
12335 3188
6525 44201
46722 35089
19925 25069
11305 23897
2496 6890
17715 31928
21789 26204
2391 46294
24973 3965
11723 25384
19572 2164
19674 6171
4752 21689
20329 44532
2002 526
30485 46029
13582 31357
1829 11790
15933 17001
10496 18567
13395 5025
26596 6779
41189 8091
5633 8348
16376 1073
19610 595
16576 49619
6160 2014
3737 3520
13603 6822
32610 19395
4937 29856
25564 2560
8865 6364
9519 5081
9276 13883
2992 27786
15146 12520
11971 14158
17360 20894
15743 995
36294 8051
6145 38159
2734 30794
9217 18849
7489 9362
26187 44344
3697 15034
5385 8385
2128 19973
18708 5024
12921 5288
27908 24059
27292 36027
23179 2411
36789 11583
5380 1462
18025 25737
13450 6868
22341 21407
13423 12677
11938 53542
360 1379
30632 33425
25960 1216
16191 2238
10725 10901
4727 19441
20022 20045
19999 5744
28430 30592
30527 4923
2208 8596
11506 7290
3956 6649
8440 23979
37114 5876
34820 43217
7896 301
2277 9534
13617 25128
2780 30814
8483 7359
5433 2476
16587 3878
24564 8480
36817 35780
12104 14608
12062 19451
8244 30021
378 4160
11233 32005
17186 15377
24495 18927
20255 26610
41398 11318
5189 6027
20349 11905
8752 26896
10874 9857
2205 38910
13286 9941
13683 25675
65312 29536
16115 11357
50454 1059
6239 25968
29939 31352
24216 2547
44147 24971
6617 1742
8903 6676
8032 8859
47566 43006
10633 38364
10761 18362
9554 485
15569 17186
42875 6063
46329 4507
29117 971
16318 5151
6500 23945
18002 37257
19666 18036
34328 16929
37607 10568
21452 19219
895 30456
28103 39641
26706 7695
31226 16677
6801 23456
20050 33530
25900 22576
18000 28631
7318 6696
2370 21167
39632 24183
20024 35787
8297 11432
6751 12730
9407 34454
4654 2424
30861 47210
9570 4076
7652 20387
7205 14350
8744 16218
25281 16015
27755 24036
348 13351
15623 24313
394 867
33805 3213
1397 12073
21302 5993
53045 15062
7301 13632
19800 29913
9621 8198
19127 20255
16651 19121
6414 14835
3708 6773
15568 23462
44821 22031
9307 3941
28410 3593
12434 9226
23756 23412
46057 37412
18235 20461
10115 28458
18799 1874
11555 34597
12105 18909
1476 17240
1404 18043
42053 30938
9555 6611
19826 15856
41972 24071
7852 34363
29004 10635
21164 7746
3432 29816
15892 14771
25304 3
32718 17114
8195 27611
6620 6484
23487 1748
22572 22980
4307 15993
2109 3113
43329 29457
5644 1013
32450 39158
40381 22972
19745 6309
7877 32181
10625 35460
15875 26227
21967 16133
17125 24483
20625 36854
28001 15093
2279 19065
10767 13651
13475 18231
2798 31326
12873 19899
12056 303
19232 8736
1774 19098
21573 26781
7405 13620
68489 29479
1767 28125
8706 11323
21463 30412
13925 60973
24924 21547
8023 25694
17453 12638
10319 15677
41826 39142
51787 6826
590 38076
17860 37020
9295 31496
2826 7420
36786 19278
5181 560
4030 39016
16232 27463
2072 19989
17252 6654
32202 27735
47185 13467
17480 3494
30476 25783
10200 14221
34379 31890
8495 18432
13294 48045
34386 51831
1666 10549
2714 23925
33820 18727
9384 28475
14011 5999
1096 27798
28588 19712
31162 4382
16968 32610
8391 1211
684 1152
19976 21426
22747 1833
36311 8491
2699 18529
2733 33108
1663 15892
1530 38086
34662 27725
34532 26472
2455 2179
3884 1977
1756 16926
19969 37748
24333 17764
8313 4601
21755 27487
26659 29151
4045 11668
16193 16936
20765 4708
16997 27678
20466 1615
8822 9628
36857 25975
4140 10567
33483 15735
28954 20487
29741 35767
37039 2076
36697 7987
27922 27155
9423 8759
10270 45220
47537 24959
12371 12521
25711 13195
16256 23719
15509 44987
5928 26482
3970 36023
12341 6415
25964 1062
11514 34178
1134 9171
8735 14407
13183 18240
24179 38646
12418 4156
29819 3948
43041 24177
31292 3508
24363 15653
24169 11413
23898 46534
30860 12911
34255 454
10670 34505
31432 7725
25282 19480
20912 12645
27586 9985
665 16753
29331 18104
43172 37488
42903 8956
23066 31339
15983 30386
14141 15455
10382 11
30133 24771
18190 40831
13887 19037
26608 18017
23389 8216
29405 16913
12532 6761
38130 32147
29984 21988
2883 23124
22696 9094
9419 14624
13217 20000
28435 3986
33680 38366
1812 13540
32622 12991
6362 2021
4008 15264
32350 32451
11058 9402
14782 14829
31971 16691
16771 22274
27621 9867
21870 17223
1224 13726
35695 25658
13759 1442
6728 20057
4434 33089
10949 8039
6107 34870
29406 8253
17621 7149
19467 42560
6792 19222
1844 30155
14315 13606
17420 41704
4185 6753
10438 5293
5016 27595
9154 7052
44279 6487
44208 8918
43098 35956
25877 9348
10342 9071
14893 15390
65 10967
9897 20598
4675 5604
40046 19092
25134 18055
5347 19168
22 2183
14460 19822
1699 10569
25223 15994
24080 1045
22921 3785
12302 1017
21674 12304
195 39779
30673 9015
941 44059
23561 38574
5941 11085
26180 28460
13486 10439
4306 16727
22563 25549
5755 8328
18647 31733
41055 12057
6388 49306
2032 31170
33152 18074
21325 30867
18682 3506
5351 21209
37085 8236
246 10731
14127 18993
7282 12020
16362 7141
10772 18906
17383 31470
4347 7103
12074 10077
9860 11384
11770 25394
35020 9601
31678 9189
27568 13358
4735 46643
17072 6641
13072 1266
9212 30103
39461 13442
21091 22361
3957 9733
4419 4693
22256 32041
2594 32488
16119 24911
9982 25779
29152 11842
52430 26307
4466 27835
17817 32419
9298 4561
14465 28414
10377 20994
25633 10434
10435 53599
1787 33164
7985 18745
3992 12695
12292 40877
5261 18408
752 7083
30110 13616
25047 22656
30208 15242
4216 10919
25683 23450
9357 6506
14807 14731
23291 23466
4838 31901
33274 14674
51041 29611
29403 21993
5086 16613
62162 20674
29045 12213
23435 21563
31385 7552
27340 6289
6431 13126
21928 20802
26819 11519
30397 4677
24826 24706
28114 23336
9810 4176
15462 12595
15192 9085
27212 19128
39072 19976
18625 39485
8235 22384
23766 9972
2224 834
6232 7797
6666 12910
31227 11567
37712 2461
9763 5166
27160 3349
28357 4133
16366 5670
17047 30660
19165 38738
32613 10419
34356 42644
12429 1491
967 30912
10790 5915
6777 18653
1130 9004
7340 32724
8782 3367
9471 19836
24518 28330
22310 5807
26133 27478
32210 3426
17809 15986
5698 28429
12485 5771
9203 11397
27150 44237
15004 9028
37107 29726
2741 20207
4447 1027
12938 11117
20341 7393
12865 3178
2364 2620
540 3339
19891 11300
22756 3888
33932 17699
26580 6181
23991 12448
2086 218
4199 32128
37843 49665
26647 4367
21195 41390
40568 18911
26401 32899
6771 17439
35922 8781
16681 16600
11641 1643
2298 12943
10346 10931
34499 13568
9131 18816
11742 32449
15936 1012
16952 5916
5290 1169
1899 16060
7602 34423
20669 22210
16528 1458
32465 41128
21279 18661
11696 6105
1064 9432
1925 22508
38764 3431
7698 16993
21890 8663
11841 11522
16712 1501
14152 6091
5374 28767
5820 62684
40675 36976
23621 8169
25042 21090
15496 10655
20519 12128
54525 17455
8421 5479
7511 27011
54676 20722
25326 706
27300 39354
14288 3799
20193 13475
12334 15274
24248 1690
1590 16080
1177 12549
15540 11286
12014 4981
16526 18771
7760 7748
33062 19710
19480 14602
59164 3019
6307 33421
10959 28757
25105 24150
2182 9576
29916 1406
45413 18616
14659 1387
24747 8887
22708 11478
5237 42502
2031 15819
5124 16748
33843 10524
16314 25825
32516 14020
7044 21075
15048 21394
49037 13743
3346 2059
26040 1031
6384 12603
16583 522
8619 18623
25611 6698
20521 13256
92 18149
4301 53365
33378 205
59692 46809
23148 3341
31523 1994
244 22778
18539 13393
8439 19929
8875 26160
26289 20970
15648 43030
7335 93
28434 2843
12005 2169
15573 11893
30402 16261
4843 21339
21648 50509
18906 4289
3133 35178
34320 22515
27827 5811
9752 27913
9671 38343
4984 13205
20326 5792
18214 9532
3088 7838
34218 40142
6278 12423
9994 15189
7075 5566
27312 27510
6190 15007
4796 25562
1039 33683
24663 8411
22915 33982
14322 7057
46730 17288
16228 2117
14040 12938
13460 5036
23131 24816
6651 6019
16956 21852
1050 5600
12924 18842
4677 24429
22379 15166
13999 8533
520 18467
20267 3164
24921 12177
20372 19312
9186 17366
33930 2392
13957 4006
33402 14691
13659 6637
47030 48333
28873 7381
25572 14307
12872 2352
26298 37857
15257 30119
28220 35754
17894 10773
6840 14310
5129 7579
10397 10904
8232 6045
15710 19786
17547 18199
13231 40689
37771 12559
28461 32927
9087 1975
20793 18770
24619 13509
26773 7598
39634 24437
13773 6422
40749 15445
13723 14962
26247 24404
23806 19452
13076 5204
8527 10702
17034 30480
9378 15596
39380 28681
44951 15053
42603 23096
11402 8818
16468 1106
1575 44280
30521 7154
14589 1482
6823 47721
3295 12993
21473 23210
2562 30081
10313 33129
7367 7363
42862 13901
3937 528
17570 11361
291 49316
1073 17010
26326 4766
11075 2643
18922 9885
22277 8524
12953 16394
28503 7718
14954 13186
1887 8749
16682 4083
8625 27699
13401 2293
24451 5099
3955 3645
18216 16558
8014 9368
22941 6330
3827 27564
4840 2976
27452 6292
19785 8838
19447 17933
52584 25831
13434 10817
8095 19045
38691 46558
12324 26991
33745 3561
18716 13190
38845 28003
4363 4157
2818 30893
1618 27465
20520 982
5246 16524
20780 5907
12482 2881
2026 4297
34758 11754
850 23218
15207 4025
21806 6396
19050 30932
7791 18050
19299 56132
29366 43828
7531 3264
12722 27093
34874 8188
31345 8213
432 8097
45368 7182
6102 28793
8977 25643
23933 4139
30739 3963
1013 14379
24234 17378
30092 24391
12279 21638
17328 3584
2561 19273
12413 2824
29243 24606
14031 6937
35712 28621
1410 10618
372 22422
10943 5890
14610 7967
15433 6251
4128 6149
14172 346
16599 27829
31243 7475
4318 31068
23078 13662
23706 36113
20162 44856
56877 13761
10591 35651
4550 48034
6582 618
11939 9477
14816 25543
8916 29274
21815 15875
22880 9740
25923 2082
23912 6867
8074 9117
11582 8971
29233 445
4350 22740
13848 6468
7257 19085
16209 10151
250 25515
21396 15404
30727 13381
43726 10845
34188 19839
20666 19715
27110 34642
6772 6208
11729 11129
8276 31850
46494 37370
13483 56177
38035 11812
19510 7558
1632 21203
54268 15209
6328 20037
12934 34052
8292 3599
27267 16389
16943 6335
35300 19399
5266 38619
21889 16810
22122 21249
2137 25828
2440 30478
8394 8779
6189 5656
19104 14849
16189 13432
14936 8730
21845 26605
18521 20200
27061 3071
27206 16343
17965 16304
11136 23259
6255 11272
49253 29303
13398 44514
7072 18787
4029 13648
7867 9764
11321 6710
10401 8966
23064 19225
19423 3601
10071 30465
18875 44560
46001 25897
41083 7464
14058 22444
5132 1918
495 38788
22276 33270
9678 6863
8472 8853
31048 15574
8507 49583
15353 2897
21846 3460
24822 27399
717 7406
1660 22633
4879 22857
21112 4968
15031 37893
24278 24333
33837 18574
1058 15811
23043 16903
8298 181
30585 7362
5683 12738
33365 29498
28422 9695
9346 27577
2865 16028
970 38069
15955 8970
45740 8305
49882 15080
27161 314
26948 21139
23253 16011
2706 18444
25731 13228
45157 20003
8967 5100
13612 30979
10278 21128
42594 36626
11834 9629
8572 16171
20718 19500
14041 2040
10780 10013
26562 23307
41334 23638
12207 7418
14929 21348
38741 14284
9230 7311
12002 42703
41347 25258
17450 2233
45321 10735
12939 54216
12318 10917
3562 2902
22412 19603
6209 45190
5022 1568
13939 7034
13705 39829
14441 3621
35370 26669
5120 14366
31862 27296
27581 14728
3422 38948
17886 14840
41878 43803
4258 5372
14347 24999
19400 1334
24825 20457
2789 3616
21280 16946
27002 12939
10444 7541
27521 35220
37181 16162
28674 8612
19388 18568
4351 25105
1181 12600
14733 6444
13982 4138
17786 7460
36947 5469
23980 16320
8699 13135
22093 5320
7669 17330
15752 44500
3950 21112
5328 24014
10815 9436
24106 14715
20423 27189
9021 22612
31775 12441
2272 944
9905 14567
16103 6821
28625 7101
19688 7188
27809 13583
58672 30124
31130 1213
11879 21107
20376 34125
7633 27761
8092 23950
45307 10955
32006 41794
43077 40237
23661 15032
19747 19585
9892 12008
10033 22832
10735 23288
36799 57175
27772 1175
7425 1613
35734 17971
17297 8711
23233 25193
4439 42615
3538 17465
17254 42076
2235 54807
6798 33988
22350 17881
8919 21905
24531 4535
16530 20096
18281 7111
2467 8383
33022 19257
22809 12311
15515 60671
3822 26246
15140 28695
11175 30326
12548 6946
20753 20305
30589 20313
42752 8003
4324 9334
8737 11023
17987 2163
20424 30461
6747 18654
4083 31104
19441 27962
27956 13521
19653 2087
17782 1179
7164 29507
1132 12793
4720 8882
27882 18257
10061 7179
4292 24141
33134 2968
25566 20709
248 367
7837 2287
18315 18229
22923 12229
25833 25785
27773 2839
11739 19803
37248 40285
9437 18433
2775 2073
5005 50094
24299 20172
28280 14486
3459 16217
33601 2045
43249 10234
6446 31968
7566 28939
22048 33507
2676 10287
26328 15033
4333 15378
35557 25526
10642 1834
8562 31033
22564 8260
25768 1233
219 18601
22497 35824
37062 10626
14047 21978
28826 11490
2090 19915
12798 1452
14700 29762
16213 13178
17260 9877
22706 12013
2654 2359
17523 15805
18220 32097
22525 7078
25924 39375
20539 8172
33752 22056
6843 19157
1312 7990
5937 12564
15265 2309
8800 8753
5818 12199
10220 28250
4806 32664
39338 41829
13706 7859
22105 23503
4521 27480
5436 12661
11846 15111
3204 41005
17810 13904
29718 24540
38163 34513
35161 24453
9051 20307
30774 21636
3259 1901
326 27732
11630 30111
9305 21660
9515 36151
27116 23111
23632 3039
8551 2980
19593 3319
7556 13590
17027 18181
8130 21651
12875 4581
22237 15680
12402 3871
9596 24260
2955 32445
2917 60607
9597 37082
13108 11845
986 9351
22947 17775
17342 37493
21853 30309
14841 4907
21864 5127
7834 28089
3835 1292
11821 35775
26719 7180
20697 3980
7997 5838
312 22546
17541 32274
1678 27675
27434 6680
11468 96
24343 28566
737 4937
656 13566
23559 4254
18436 7226
16551 5797
5695 44470
39630 12170
11248 6693
3179 7371
19131 19199
17978 3240
30437 32795
35251 6919
14426 22306
5104 1298
24864 10922
10344 6356
29540 5065
6544 5538
28621 12829
4385 43431
1815 14730
4087 7258
4431 24100
46360 14291
16053 4081
10459 3772
24379 14120
37596 4352
25 22867
21347 10883
13260 206
23082 1790
20367 27782
6355 4204
2542 2232
30675 11209
30345 14423
1537 44327
35 3926
14232 2493
27990 6381
12254 20396
33890 9372
28048 13605
2766 3781
16370 19794
12154 46520
12566 4114
3888 27958
14498 12259
4119 10810
24057 349
19953 16363
26817 41699
17858 17662
8705 27981
23507 719
2712 11400
4924 4085
2614 4591
13312 28393
2942 13411
40447 12406
2871 31058
11224 28559
6475 8744
10057 43840
17586 14425
30291 5981
22444 13091
639 27348
26835 24668
12896 29519
16065 7113
14476 11501
52394 5285
6538 21224
27927 54089
5935 11753
14165 5623
11874 8766
25944 22899
22494 56362
3829 18758
18648 16199
4523 1835
26702 11761
8624 12527
11282 12387
7733 16201
4501 9136
47032 15523
6409 11016
39695 1639
28971 24176
10095 13090
19412 11840
35855 2122
1293 26614
40121 17484
32118 10000
6882 14382
21260 41486
35486 10387
2373 523
15676 27505
5653 22168
19063 14003
2952 30743
24221 20464
9466 11000
3637 26156
3838 14384
47786 10606
42445 17918
24034 5031
55288 10068
24911 23667
1843 11707
30423 17053
11794 2706
12099 45345
29684 319
2855 17861
14382 22195
29116 121
13933 21664
36277 21437
40908 665
12211 17585
29667 3653
12507 10132
8878 22564
9573 26910
14514 17342
5254 28620
10364 44595
16881 21596
26088 3044
20543 13597
31508 1263
37287 28226
7211 24088
12089 1025
15127 12702
29624 11316
11092 5869
7384 12438
5457 45959
26188 1894
10260 9275
23413 15208
7383 28960
18889 20259
24125 1187
23274 9773
308 30485
15274 10272
3864 24349
8426 12487
39294 13826
9916 926
13859 17094
5032 23338
22247 15650
14881 35019
3116 15066
2155 16670
2910 18472
21343 15401
17304 34005
8047 30906
2202 38842
9243 693
7375 9647
42452 11001
23197 1207
47475 26840
12535 54123
22974 1876
21189 29948
31819 36779
18037 13903
10967 17522
24283 23354
727 2389
2987 10423
1698 11290
8722 17694
43586 26211
11433 8544
10108 21678
13667 11211
6512 2855
2990 31619
34202 26513
7677 18687
27902 18860
33962 7620
4281 43285
28121 25090
40338 38828
13760 7217
8987 31530
4 18579
24011 10304
7394 16068
29305 7567
15758 25196
23650 540
29658 15555
37026 14572
18742 34200
14035 16585
31403 8120
754 13419
40386 37507
12783 10881
10439 10097
18304 19195
12228 12541
21895 15318
42571 34366
30209 20788
922 2069
7810 7766
720 24655
22687 17286
17364 18879
25322 4115
35397 10663
11350 3360
35025 4071
27867 23306
22954 2446
2188 43851
12959 4092
7704 12909
9323 19865
1982 1413
17250 15654
15202 14975
7393 24151
10550 33609
17104 21818
17024 14575
55116 7951
24458 4887
49994 20001
30519 44658
5821 24838
3183 24079
14987 54954
15203 6566
6749 13151
9172 15517
34350 12026
7691 35919
23957 3566
25491 25969
4543 45174
15816 12629
26664 20860
22678 9809
27038 26994
3081 30426
8539 10124
15035 38522
10619 1261
18830 34516
32617 10936
31558 20874
5338 48143
4066 1250
17061 3558
6686 3827
3793 22198
9713 29205
19956 9280
10203 27925
7958 7289
15294 1752
23058 34497
21595 13011
40201 34092
29756 10426
39321 23764
744 8937
14570 9654
20096 7251
45538 13643
36910 16078
7304 16000
5847 3414
15092 214
24141 9089
13469 25392
18542 17239
25866 18319
8870 8873
7955 6455
23393 12154
1204 14356
33510 11547
7173 31308
24419 3090
27240 5061
10922 16735
13327 12618
15895 31603
16471 15265
6027 9492
6937 16733
2360 9848
29458 60322
8158 12726
37113 23566
759 29961
11342 26430
2313 26931
1352 15975
5705 25503
32994 19942
9744 6414
3556 13520
13385 34220
18781 10400
15118 28550
36459 35614
6004 26115
12304 13280
3798 26584
33673 8680
35377 2180
1573 5898
10686 15828
47864 3241
14717 16773
3748 14184
17255 10106
28010 12349
17759 18599
6992 34040
4222 21679
46185 7197
3090 10231
30489 15729
1409 13251
4437 10491
7898 32954
11887 34416
855 17647
14334 24570
36397 9504
15600 27075
7950 3636
32100 4978
6947 2098
20678 9438
9874 6558
15065 1573
25280 1663
5682 39978
19738 26045
6637 38291
21031 1217
22388 8695
9793 6284
25581 21388
22686 15951
4187 10885
2815 24650
2381 28005
17685 20907
9237 6924
3047 6450
22624 12978
8147 14077
6628 22887
6235 13891
2308 22549
11386 15006
9498 17295
30895 11676
22630 36197
6088 6489
9195 10221
5990 27289
6974 18550
11226 42302
20188 21061
10596 3536
2399 442
17922 44323
2420 36661
34645 12633
31702 22598
6228 521
21727 9819
2327 8226
3105 36360
35609 11626
29934 24840
29006 11392
8136 30462
30700 35253
7946 2264
17732 25654
19579 16138
23437 34725
38643 23568
11124 7072
31172 18722
11146 36805
2651 13645
30598 20630
11185 467
18740 13306
2388 38417
3360 6925
2479 9608
26910 20819
3317 29916
6951 38206
16962 21720
41453 36318
2464 15942
8776 12747
18704 25371
23689 29661
10162 3894
38775 789
2995 15237
13658 15678
38019 16719
15488 21282
3320 5752
73693 34900
32894 14093
9803 20938
8451 2541
52674 19413
23315 32011
4179 7537
14346 14690
1992 8002
7605 1627
7456 10612
8172 24257
4612 20979
1794 2510
24322 30872
12362 10499
29119 38941
14550 9889
30247 8698
12493 7741
9192 9989
3908 20517
15332 1205
5084 12609
5270 11376
17946 8832
32274 17949
669 4513
8860 36735
6148 11667
9872 31427
29980 14463
22316 7890
30565 40682
7017 17795
25288 12149
22840 8530
26474 17750
3779 18178
3040 5410
2406 15133
9672 28180
40469 3103
14953 39305
33470 19921
19708 8025
30292 8046
7121 23530
8603 13165
25273 20539
32642 22637
20742 43789
19505 30278
29926 16395
19444 30231
9353 21778
4899 16572
33192 5721
29283 32615
42502 28494
16859 6140
8738 8609
3510 13837
2851 21369
15455 26551
22976 5850
38238 35618
11943 4586
509 34860
21283 1110
7544 12404
18453 9866
31654 12247
13900 45906
3017 22641
984 24601
17944 1105
10610 3413
40355 10406
24437 20800
5505 22638
33493 8310
26456 1920
23549 1294
23554 747
13344 19676
32162 19200
4492 13375
26682 19519
7233 22554
30205 23824
29364 19562
5498 29884
5250 21042
19639 6904
12247 3171
9402 10163
14079 43834
34832 5895
29572 5258
24849 38838
1059 48144
35642 1859
2554 8006
19630 15953
8327 35736
7560 14022
22950 21031
16913 8581
2599 11540
16853 3501
29105 32553
14116 21392
2302 27176
28914 13844
5521 15434
23721 22156
20735 51597
8567 20040
14887 11836
48334 13483
8905 14677
23321 37588
22910 38315
8649 19194
20905 8128
10269 30404
27592 5714
44136 31184
2730 7836
8332 1866
7880 12628
379 18013
8990 4338
369 16887
104 51673
2793 2988
188 20071
39927 13162
24404 8444
5543 26250
2659 15997
3222 14528
11687 397
13343 25500
12033 3639
11898 8080
3493 2492
28597 36660
25333 29003
14679 814
27801 10591
15212 11341
15917 22756
17161 26107
9864 9870
3098 47316
2375 30999
30393 12450
15510 2701
25570 4624
40210 32069
26526 9650
1579 10217
4180 17131
13142 23712
2232 21588
33394 27874
21067 548
4380 5187
23744 1487
8218 33233
14456 36214
23810 3710
1250 50127
6522 7564
34636 22365
27594 15855
28169 11497
21696 11936
3882 29331
12032 15798
20103 18306
2213 3759
18877 41257
4470 15996
52910 27715
15946 32341
26232 26274
24370 6834
913 1731
4566 18098
34936 2423
5362 16702
17581 53472
8811 961
4710 26810
10615 13860
39348 47700
35785 27459
23911 1134
38844 19210
10603 34020
13492 9517
32372 6191
9830 14803
21563 22310
15467 39308
42193 21801
13164 16683
30870 18406
9891 23873
12950 2578
6721 53392
1303 14250
26649 714
583 3179
26973 8605
7068 14616
180 11831
45460 36651
14646 8398
47434 8742
10901 16336
13454 20153
15655 30186
6320 26182
20847 15018
55373 13749
3260 11479
15122 13893
3094 22712
11076 5356
3410 17753
19740 9969
21363 5116
37064 25222
6551 5484
37502 17344
59722 13907
7611 51396
28445 9711
25231 21494
42822 15416
2595 5565
13367 1453
3172 4323
11928 10558
15456 7216
2703 17368
23568 9365
1484 7986
14967 33345
3029 3105
16460 27393
17775 1096
10733 27126
25921 11616
41007 6598
48207 26752
28003 26734
18611 30093
512 12113
16154 1139
9450 10404
35668 33403
42600 7673
26433 3204
14478 42643
8425 15366
22711 25180
8423 31356
18103 20320
4406 1689
21667 7133
23187 15230
22506 6365
15260 15699
15130 4868
10250 34604
14461 3764
7142 15931
32009 5090
15500 33212
40685 37901
14287 10998
6589 38486
3352 21740
7459 7016
44633 27222
22427 463
27323 18634
12020 21088
4525 9207
19254 15525
34458 15023
32936 14063
7359 16185
29832 15668
21615 4719
21907 4306
37638 48059
12608 11700
54902 10067
27445 26206
40789 10137
2908 31594
9625 406
10291 12114
30559 56676
5219 833
4836 18348
26001 12454
10132 29729
9534 4141
6785 5927
29239 12964
17293 15165
17583 7874
13762 20565
11355 21597
35641 22746
18492 4514
48893 4910
5216 4901
33800 20234
11560 20661
4211 17354
13849 31077
10924 8550
4956 26224
13750 25637
5001 18510
21462 15130
6480 6576
3149 27998
13719 6518
1834 7207
3327 10532
3783 38112
19838 23773
11093 27183
28930 33031
11197 28560
20070 27198
12583 10205
30560 51182
28130 2893
8270 6074
902 14980
14431 26236
18340 4640
13222 28286
42996 30214
14182 10884
1394 24436
18917 1540
7925 8777
12044 7028
8530 18375
19983 24690
17278 1145
16817 12506
35790 3865
23575 21174
13213 3936
21290 7881
4412 11278
7054 20284
7966 7444
10154 3505
21794 4818
2041 6553
1474 22413
15174 13601
10229 15780
8193 9645
26724 8657
40150 3261
30032 5881
4269 20288
19277 11301
2729 7715
9066 2267
20030 488
19111 18142
18523 25440
14693 24049
7057 24707
20292 8433
15245 2691
17620 3457
7293 9599
1816 26620
2795 5857
4493 7654
19587 11273
18570 18440
14821 6361
4582 27419
418 5391
27036 4469
11286 12624
2841 32574
17307 23186
25268 9686
4325 44537
35802 12711
994 5191
10981 19375
12363 28697
1889 19047
22352 29927
15144 21283
9561 29425
19996 26151
36143 24400
7402 46431
31096 14649
20125 37060
249 28268
7526 2355
29085 34559
18901 422
6425 5386
6357 6682
15471 18570
21892 6692
6989 2415
18658 14061
13993 21312
224 5510
28419 13131
8688 15122
4993 12164
15900 17726
9693 7562
15829 40153
2721 15563
9465 29086
18124 15106
3614 4164
33223 25898
5618 6152
193 8716
13309 21579
6303 5051
3438 14190
16637 57961
13456 30255
2451 5755
1176 14315
28444 29172
9301 9170
2770 33232
10490 2326
3287 16591
6927 8123
36877 33177
5428 51310
1214 11515
30057 22681
17493 3046
17368 19698
10726 15308
16212 15588
9900 15288
6092 6832
10121 5544
21505 27084
32091 3042
16727 1070
13674 6090
1018 2674
9279 11542
4302 5201
6547 13896
7329 18124
409 15380
43799 5654
22892 17210
12697 29142
3033 16700
8581 21195
25764 9387
46549 17797
14892 4741
14750 28245
24025 17265
20051 830
23908 10972
52853 16916
11311 18128
1902 8525
5708 12924
4021 28419
31883 45566
42677 34512
24002 37632
2753 20240
22733 8743
26743 26298
2311 28707
5715 312
17014 31115
21726 6017
2960 8840
37309 10203
13381 9542
26110 729
4197 12100
34028 38463
16166 46314
6100 32420
6247 6949
9567 26293
29507 29290
29901 9465
20816 30818
8588 8906
200 468
7352 9673
8116 16798
1377 23445
988 11989
8239 4663
31991 12251
6555 4259
7400 5527
9622 4916
41500 24729
8970 25339
40925 10341
4719 2185
20314 30688
16924 22317
16429 28581
22684 8674
18511 15448
3042 23653
2382 23294
1965 4922
37940 9548
19395 8315
5836 15362
25875 15307
26980 37996
9510 23458
3901 33035
14139 12699
5271 38289
19365 15382
2419 3136
7728 40617
7350 4773
21171 29129
2817 29890
18397 4891
19481 348
7168 4754
1203 18949
9366 21455
468 9107
13036 31991
1310 7594
391 9952
8468 8535
17120 59156
18814 16875
22070 20041
35048 3199
18493 2114
11810 31896
9537 3466
10654 17198
7279 4216
9270 34447
9241 4019
33603 24561
24632 11191
10964 30742
19680 4580
16180 17925
13416 3348
5316 609
18148 10697
11509 23171
42258 18948
19686 9893
6567 29665
17177 7899
39595 6103
27362 9890
14687 3738
1294 965
37427 23972
24301 8222
145 2747
9854 19178
32537 3884
31443 8041
40836 30609
32132 50378
18086 12784
29159 12425
12626 23592
23883 8132
5346 16731
6046 356
1857 14214
59296 34564
8535 9664
36971 1537
7099 1682
8333 45236
4016 1178
7132 19191
23191 18273
13347 449
7210 18197
24668 22127
3274 28827
11592 7937
37123 24186
38711 23711
15398 6725
1289 13571
17847 2558
19364 7135
4115 6241
16837 22708
35220 32048
27559 6384
35596 28669
5870 57179
8898 36994
2048 25176
10892 18112
37671 4004
14600 15158
32407 5119
4724 57803
41478 21888
11792 8283
6061 15464
15539 20613
19330 14111
27760 24659
18134 8590
1526 24750
916 1315
1633 17429
9204 14992
