4274 38075
25826 11221
16266 22340
26629 55662
32606 29894
3562 24254
9291 24769
13069 5854
34359 20886
1651 20437
22926 8000
30876 5366
2383 3257
13721 14630
18838 13961
6221 13789
10329 6205
9887 3371
2000 29547
8639 7492
25467 43345
10282 16661
9284 47952
7400 29975
41868 1251
27437 18327
6238 9814
27626 8132
29463 5867
11962 8317
15416 32218
19035 6203
29146 5288
33211 25057
4426 3696
15493 11798
7150 7586
2508 28069
13033 12120
13047 39100
4733 34635
12551 32035
20319 43475
45824 3805
21925 5893
3186 10526
22420 27461
45580 2038
40296 647
33880 41780
37768 32079
1461 48416
32283 11096
7245 19319
8262 32070
30629 16492
3443 22109
654 19535
36135 10168
1370 5266
28316 8215
13419 15043
48821 11832
22813 32969
14805 17973
11945 57577
22054 15481
3864 17496
15476 15078
2010 251
17864 40364
11411 10981
25397 5539
20248 12442
20604 9084
25995 27246
32933 8543
32339 22877
20592 40143
94 8712
42654 7589
32191 7099
42515 7016
36250 1984
27840 17189
17651 21291
20963 3673
44751 47918
31747 309
25497 9605
14116 1207
32864 7189
32989 21316
13828 43904
22860 5628
15127 15548
50535 41493
6191 3382
39936 36186
1481 50952
13288 34459
18886 21552
3507 1479
2975 26468
15840 9875
9676 23762
5377 24128
1099 20965
28182 1125
25346 38205
16194 15448
28486 7460
22230 39617
21553 17729
659 14368
5006 14866
5575 30414
35140 11637
1639 24788
21472 26987
35849 12096
26939 57004
27286 15601
34945 6156
32314 44358
1689 13491
44119 23767
2596 11834
13441 26611
16545 3035
7795 11544
15375 42506
25983 32577
8941 8432
44131 7140
16894 11319
8359 15119
19277 36543
8037 10035
13614 5772
5547 46040
14654 25957
21835 1306
3234 6912
54172 15290
8381 15181
6444 8383
308 21471
21192 1165
13750 21029
15761 28566
8649 36098
28584 14978
3359 7792
31730 22396
31963 45355
4888 884
21503 3
25624 5371
2678 25426
19614 3018
17497 22296
11462 14443
9401 50199
14107 18149
33710 7024
17573 4416
18444 5003
34944 13811
15616 43446
18618 13211
36355 35669
17296 9746
8496 14251
323 33201
44778 22843
18420 17337
32547 7493
9435 10727
12034 46419
49160 15641
46967 33866
9955 19738
7934 33264
4780 17468
22829 10601
20027 24999
22489 34683
15554 45
6069 22310
43705 4973
16326 11461
11879 24823
24544 7754
30229 32561
24433 27815
26082 18036
16790 15125
4730 2523
2732 46509
44941 30439
26766 11013
10716 30006
19521 9825
2486 53459
4081 2218
2886 25113
24019 14291
55608 18480
22411 7048
971 1570
29096 41301
26688 4744
14806 34875
21857 4664
34241 39169
34684 17835
8990 42356
1423 2711
9726 20020
37659 21944
10701 15385
31255 22673
31357 25122
44490 10572
14408 15616
33591 15218
7233 27350
13110 6861
16263 20959
10675 4737
25300 7126
18318 29951
51654 30679
25707 10115
35507 6017
14208 17450
3438 12158
34813 17322
43319 14342
10180 29364
13756 39939
14092 26059
737 15073
6292 19174
19840 30998
7063 13282
16366 16730
5312 52130
8201 14948
6345 8038
29089 4099
28058 4618
26334 3083
15618 17384
41432 8446
27635 5096
9498 2561
41089 31077
11963 2552
4065 4946
28479 16089
27447 31517
20728 20473
37359 13127
5790 42566
33395 40916
8828 21456
16562 2254
41778 47555
12169 1591
22499 31606
7359 918
6481 3964
43681 2366
3145 20634
2073 39791
11704 37164
32769 18695
16480 13435
24257 5804
29359 10908
6724 9375
25752 9805
12120 17422
22164 28126
1487 16085
18987 11730
7095 5599
51984 19699
8605 34834
30903 11151
20699 18410
5476 28446
50362 23485
13594 33000
11715 7329
36014 11209
12490 4147
40780 32026
6677 6671
27507 16204
67701 18992
710 7853
7751 739
34060 12489
36497 9859
10810 40055
33491 40193
34497 36207
50020 22507
31668 2131
25854 3921
3138 210
45891 38908
17666 5526
9563 10325
29818 8770
28019 6570
10471 48313
18938 463
5851 28275
29626 9927
7618 3516
33269 4479
9040 22270
7972 20367
22175 24689
11329 13131
33352 27303
1728 16906
19691 3160
24883 2193
13490 29617
25569 3448
6578 25237
8034 14903
13306 6110
4684 32919
21385 13358
38706 18332
21007 34706
18732 36461
6758 12012
33697 39263
11740 5448
13892 20396
6959 37177
19284 21286
7492 46666
13445 5149
62188 8590
19302 42987
21107 8025
21389 28688
40782 9501
4306 385
11709 14126
23380 12119
14511 10624
21966 23817
30245 9513
3123 2748
6539 12743
10976 34929
16518 27056
3074 41817
11448 31833
34438 16854
53247 3510
8924 6103
8552 31660
19804 27615
15110 44112
16778 28510
13587 22651
36992 22720
5931 40303
29868 34905
15783 31664
4719 3333
31443 36970
7070 14290
17839 29817
4437 16955
24650 9545
9137 4261
401 4431
27247 398
12567 16423
5228 46795
8606 1955
25593 26614
30132 12431
31531 4752
28742 737
5403 6133
4142 52966
57807 38372
2870 3443
1195 32669
32048 11626
20814 25823
55149 8730
22284 2283
20693 9812
29374 14937
1971 9826
44480 26552
9015 2309
12850 18936
1441 8926
16112 34020
47596 18428
3817 19142
9220 15921
51438 33305
1449 16474
45190 9886
16575 32549
2186 10971
18730 7235
41381 810
19660 3919
4784 5736
19191 16488
9671 2538
29565 16184
2231 26555
45037 26125
13543 20495
8137 11183
880 57260
12308 33132
23428 26609
23039 37752
27970 6838
11703 3194
25958 23152
40443 24137
34657 36898
17939 30125
18346 9149
21056 6274
4706 34882
31013 14518
4942 16501
22674 677
21196 26169
19086 1263
55251 18701
22106 23706
10598 27883
65169 23086
29413 6897
125 7892
7945 22429
14229 4033
764 28523
166 23102
36392 12237
12893 2947
9674 65488
3798 6215
14659 9488
40262 37196
42500 42605
25007 15071
7155 4617
40146 7219
22357 1321
3922 9106
17775 19794
2931 29268
10038 35424
17329 12266
2775 13068
6643 24036
12370 29063
19221 24764
44920 12206
4338 7370
39801 56469
39525 3374
19171 27226
22625 15899
7363 13990
1253 8860
11089 33409
66300 32281
31777 11555
20066 15098
1066 9292
23265 18070
9763 26348
27183 10111
19223 6551
19894 1784
3275 14329
19694 28662
5817 20844
3228 17507
6378 29987
26694 808
4145 27485
11316 23814
6026 9121
34764 15085
6815 26762
17569 13423
13274 1542
30600 18412
14057 2491
4485 390
24978 17727
7626 24559
30937 4611
13191 19613
52228 169
30375 13196
16576 22343
50677 23431
1135 6317
9327 37192
9 48078
10026 13021
38840 1862
8710 5248
9922 54496
4549 16614
12478 9152
34571 16529
16660 28660
39076 28288
29495 58491
11036 10707
12554 11165
1895 28223
1867 19458
8437 20865
10012 23108
27335 2609
24090 6991
39847 10754
4165 31421
6991 6394
16959 14728
4983 10065
29264 6313
2322 10970
35086 19528
65759 602
9170 38884
7053 31196
44586 155
19353 35136
31644 26692
26697 9974
7 15415
18557 1458
15212 8740
32365 3861
2025 456
9014 4097
30270 24006
5233 3979
28897 18189
20418 10
23553 11507
10068 41434
719 26325
4197 28619
33029 29130
49805 5414
11980 31742
29250 23060
9493 41477
2896 20774
15692 7462
793 7297
17266 128
10199 42588
14913 29619
19266 7704
4861 33814
20095 15973
30544 18647
24901 13605
7594 12470
1659 43507
51134 17988
17145 26505
1050 4043
22618 5982
2060 41437
3801 16222
4965 15457
15394 19916
19907 11043
20064 16806
56020 36634
24245 18814
19852 12170
49037 14237
112 21075
9314 20695
6225 22980
19232 26093
19157 13124
921 449
46839 25794
2730 41555
1308 37808
3049 5044
17671 28267
40043 54739
17664 15803
28231 9977
31909 15886
34270 3054
36600 34038
14095 36095
17552 26106
29428 32154
2068 16725
18103 56690
12292 8224
30496 1296
22188 9366
18786 17031
37274 15148
11257 19636
9034 39284
32704 10031
130 13720
17253 33295
16644 9207
10652 40312
3252 35598
29446 14010
1961 1029
30684 32249
18808 21544
39265 23531
11501 16515
22905 5068
10204 20375
25780 2432
27467 21577
20623 15824
47131 27561
3976 17233
2255 42158
3787 37280
5429 40261
37583 12257
1580 4542
3674 229
28357 20441
13508 9433
9923 6186
29164 23583
7019 32087
8511 43993
16905 4796
25773 11946
59659 1714
39857 20317
54 46828
1458 4410
31054 7773
16393 25989
26200 14762
28935 27956
2788 3166
40267 27680
10748 1760
10080 15362
3261 3935
25557 4400
21402 12115
13681 21928
5688 12483
25763 11644
38046 144
6911 37656
22374 15477
10233 2813
26214 2759
26761 3339
12623 20809
17812 45117
6885 5459
27766 9761
21831 46324
16118 19519
20635 12275
14845 34892
23881 10600
678 408
17734 33516
48752 27478
9553 3184
14554 22871
25609 15512
20528 1516
26495 23478
20538 29432
13812 22342
24157 2489
11894 26186
8775 26295
16741 7756
12317 19276
32066 55067
8440 20577
19289 35599
9595 24669
20700 11680
14637 475
24730 6182
32691 34967
20208 28171
27687 719
30531 37031
14093 36919
19050 8033
11238 6588
30446 15729
35883 21675
3776 43294
17438 15728
18143 28581
16092 8744
16344 6457
28921 49044
23738 12024
24940 10637
17885 11168
6197 14836
17713 45080
50520 3902
3439 26666
34785 9912
5488 36231
43798 2847
43381 3098
32398 5109
13532 8750
23280 2190
44036 17619
862 44155
2551 7490
18030 29031
15431 4711
37860 22488
20343 6171
35037 15780
5336 2669
5570 46418
8268 10071
8051 24535
18449 25541
9362 13227
759 1010
65761 22461
51516 8061
19295 36237
18216 5769
32707 874
26500 18722
13027 48705
4824 3998
10454 34601
4271 6237
4628 4451
8840 14103
2628 25765
42000 3911
10570 6867
22033 36458
41382 27974
13538 17927
21034 25188
29219 16522
42632 28117
20372 13321
6412 41853
5472 24477
45904 6285
6346 23356
44604 2653
39213 11727
33650 40823
4675 23926
44132 27987
332 33247
15045 7035
61426 18245
36233 11624
13095 5878
42879 13558
18458 29128
14580 9094
16054 7452
21075 4039
7581 5707
4161 1311
8028 22304
23917 42562
54139 14904
22885 14310
74736 37
10808 9264
5639 3909
11550 6848
3204 15971
23299 33322
21984 22853
21156 17648
2704 21204
26781 4260
42116 27109
48834 3773
43642 34594
6585 17855
5451 30504
11975 2588
43944 35416
31699 42460
572 33104
29385 46806
15736 26360
39677 13914
44164 19547
27952 14037
4251 3042
3681 7636
31244 528
14488 26015
8335 33212
32929 13389
503 25659
24472 225
27441 17557
14807 61164
32350 18152
10336 6592
42612 4594
38252 9092
7716 14125
3023 7139
27256 22703
22996 14394
1008 24249
2439 36783
7144 35085
28221 8281
6282 2570
4655 29891
1622 12252
1702 1815
29674 2677
34367 7743
6381 49436
33118 36959
25476 30856
12508 28876
48883 5131
29701 25623
7232 410
17351 8314
29596 52272
15969 8805
29638 41265
18274 12048
20762 26834
700 11220
16864 16125
8678 3559
2982 29482
3809 25628
4285 11218
1696 51700
27852 12488
7328 4706
8642 13750
33384 29932
50264 52303
5127 17564
16830 8036
1673 14589
10766 534
18380 11065
43529 489
17831 24350
9172 21590
10042 3878
24400 4047
35362 27577
47702 15169
12761 20013
16469 2425
3881 31031
2943 13297
21203 13267
4866 11345
7288 6138
15279 41857
21410 1294
28239 7946
37539 10514
35746 23344
28639 48193
3722 22284
7712 39657
48036 21272
14828 9255
13563 9042
2878 57748
4988 25081
12655 8447
24566 28417
24016 4209
32654 1904
14691 37262
17936 2235
3799 2955
2413 46468
4746 25205
41766 15709
6169 32134
21471 30682
25945 63178
3548 28073
17164 1787
1470 27978
15585 24395
11581 20227
32375 15627
3333 17381
4007 3852
10022 47927
24365 19434
12291 8528
49637 19507
1858 11997
18097 37933
1907 6050
1270 25976
13927 49255
307 22582
31362 17659
21554 51225
29220 3105
8441 10133
2561 14914
17146 1492
4355 16079
21301 31583
199 13903
20679 26045
6929 28266
50811 10733
12990 43768
6818 2052
14874 25447
22043 15849
5976 41674
23523 2808
536 5156
4797 18015
53742 23291
33402 23694
59031 23609
16288 10900
23015 23975
18198 21439
32272 12636
9790 29375
15054 24306
85 12659
5970 37580
14996 15707
26155 2870
11272 26607
4559 37375
4991 7638
10349 18838
17300 3273
14129 22027
18527 4248
4184 11273
15569 15158
3504 38592
1044 22039
8142 21498
27168 8768
35603 18836
34423 26478
54895 4704
9633 16933
1924 26840
8167 2441
6946 1964
14569 3128
23820 19545
15876 22859
45712 15408
21087 5812
42691 11574
50451 22715
907 6597
22962 20698
47171 17090
38006 21526
49693 42889
27333 23352
23242 6164
6740 12344
5832 19188
21702 17544
8860 21747
48317 48360
2515 262
8834 21527
40453 49739
8016 39547
33331 22
26270 3059
15315 2456
40076 16479
9667 47879
26032 6424
11092 35970
22850 22351
72380 16692
19268 33530
17320 43461
28224 16837
20387 24963
11095 4676
16597 4525
14711 17725
37985 25757
46729 25518
1648 19474
17318 37875
7672 52041
16703 12053
18615 40151
36157 7153
756 5900
15791 20245
9041 4726
14260 27218
5162 24428
20852 24017
2377 35360
15482 8792
10722 19946
32585 7581
26762 11519
4281 17628
30259 47054
10673 56714
24663 1967
6461 36664
18491 17667
3441 29816
10708 10836
49695 17554
8322 39297
1058 45721
14193 2317
4934 13271
6980 12528
9577 20823
55682 2994
23378 34937
32367 11118
15788 46061
18479 15676
46322 352
51299 9251
26719 15471
15971 20628
20089 6222
23279 25685
20937 12995
30855 15196
26128 24246
46849 25400
17073 11791
24143 26433
1747 6795
3825 46691
45523 34187
39488 8772
31294 3071
18012 9502
18846 3887
50407 15953
4805 2715
43700 9074
2742 28021
12013 6776
15884 28321
44623 34002
1507 8690
4589 2336
889 20168
17314 34181
55118 18937
24380 19931
19350 18624
1587 24391
3789 12174
41127 31347
19299 21156
1036 4008
19952 28901
16191 24278
18087 56407
20743 7027
32253 26387
3398 9475
27370 7362
3885 55335
28898 7422
22983 27292
9126 27063
34159 8518
42672 1792
7061 3483
16727 34215
18439 4085
39242 14384
22405 10997
32877 3984
24401 4674
5445 13993
7518 24011
12913 35673
20070 26801
26826 8285
2129 1654
3201 8809
6301 5864
44069 48209
1577 25665
28196 9250
2808 14920
39394 2216
16674 9930
15702 8475
21083 31999
21644 15963
36499 16834
11055 36665
36991 4055
30363 31014
16274 11347
47314 45411
16135 13681
8619 30450
44982 10208
2772 2581
21332 2819
17195 21990
25963 41601
15107 3005
27299 39980
2353 16755
24152 11453
23308 1172
7580 25304
24482 25595
10902 18797
27208 37299
15156 17929
40821 16408
6227 37425
785 29194
3104 22475
23166 611
33045 11007
2548 9991
11476 36662
16743 4568
16215 46044
3516 8604
8666 4175
10628 26660
28200 48534
15715 3977
617 18986
13050 578
24411 11201
13403 25924
28056 38909
24762 18117
36914 3195
9943 9329
25987 2153
5591 39082
12988 25352
25954 2454
29424 47290
48555 3513
33010 55973
6451 18699
61867 64374
22042 17228
48055 7330
16822 14171
6802 57215
28593 33232
92 55034
1562 19078
20718 2386
20404 15462
15854 29232
498 9640
41915 9417
18046 14262
23685 28033
7995 33840
5278 46832
8476 37634
3095 8429
9456 14577
6832 24132
8932 2662
21731 19975
8384 8960
40738 25943
34957 6294
11099 9638
43497 26683
9761 4095
56835 13515
12509 14473
19043 31226
13726 19339
1928 3227
4166 4499
1906 19133
29689 2548
2959 47672
16359 25333
1773 6061
32838 3131
5297 1410
10090 8531
29804 23271
7729 33915
38981 4818
42637 46277
3012 23305
10100 7319
25472 17165
10924 7267
30994 2865
15126 6312
20107 27764
8979 46927
10977 5379
40924 41607
5255 466
30359 2638
23061 6515
23245 696
9902 45514
19172 31011
46715 16297
36564 38317
51244 24515
1204 25345
16407 12063
3416 34415
18708 14475
6806 22565
29811 10593
18283 885
14575 56678
19647 10394
19913 9062
2873 41774
28733 5473
31318 8404
9171 22134
10926 49797
28049 19441
9305 3370
24476 15207
10117 8164
56752 6908
23625 7070
2957 18521
4613 57263
5495 38689
19098 12984
24960 24271
15785 24504
52323 18379
17777 30601
4002 25213
10565 6893
39897 4094
9901 10828
26304 36093
13335 13080
1993 43070
35424 24726
27986 990
11265 2816
26521 22361
15624 33593
27269 5040
19081 4656
48859 23861
9684 26847
52296 25273
30261 15700
9691 19028
11728 41499
27404 14581
10182 49325
68458 16402
6198 32596
19593 34862
17849 16465
2536 6316
9196 40405
5801 1444
15821 27653
21508 28614
54672 7486
29558 23203
11787 17418
12481 40596
29423 3509
10018 610
4117 20159
16684 28786
36042 18675
8694 40420
11163 8424
50623 32613
43684 7650
2924 12337
14730 3368
15874 13721
6347 11782
731 64788
11354 589
22243 46765
61173 14752
151 8839
39433 25701
8000 21153
12876 15538
15448 7881
10281 51760
12954 15110
27024 35180
18006 2920
8939 19095
13528 11081
16400 22056
27902 2864
14242 16752
9767 2981
13150 16945
38719 3661
30194 10531
7704 3061
23699 23416
20018 19787
10622 9419
14622 23220
20383 19653
8092 23711
20352 18127
10169 43474
24975 102
15303 60830
13433 20174
30366 15411
22695 14246
8305 13179
31630 15473
12829 51982
34211 9736
28633 1927
15970 2659
41360 52279
35993 12099
19666 23062
4252 4301
24828 17229
17120 45478
5862 28851
26044 4621
15556 24895
16542 18319
2514 8745
22767 3714
60372 3163
827 17883
1460 21717
15956 7771
26960 42427
22662 29460
15657 10780
20163 41484
53229 16362
33388 6070
35437 8376
2779 13182
10205 51765
32623 7375
18468 33292
9779 8573
23809 30758
24075 33473
35205 7055
15987 14703
45252 15530
5935 25156
3469 7504
22140 33837
774 26760
15472 8616
47443 33319
9653 9951
21177 2044
2872 10464
11604 7415
45169 26154
19087 714
1720 20546
31198 35900
23416 29526
15414 40732
4315 17387
7439 19483
33156 26703
19715 4622
17295 3936
2200 18472
4837 1245
24216 25271
5759 26196
6446 5613
29873 7474
18350 9392
898 15054
9162 46207
46547 51293
42959 10016
6661 12704
32173 36713
2412 7543
5539 3439
787 22518
4113 20241
17169 18697
10819 17976
14437 26163
3521 10642
1081 14370
13422 7271
14311 7893
7123 24180
18919 3954
30190 626
4034 14554
17242 26140
25529 6028
3153 23584
40314 49218
7947 19744
7722 26920
23132 17661
3196 25747
20489 14675
31923 8076
3083 50296
10403 26915
11777 21550
4953 22496
16754 14868
12821 21622
55477 36857
3207 28812
7762 5590
13736 22653
750 36381
1289 20321
17012 159
17566 20479
8380 8888
52504 36321
6085 23892
19744 54845
44385 13074
2833 12020
19344 15664
3 41466
3791 39531
38551 11173
12435 60661
42359 51808
4056 27180
68873 1618
36686 9574
20874 15267
9996 15733
35528 30107
9457 27835
34361 53737
35105 33582
10027 14287
22783 4482
5724 34163
17445 9382
5007 46891
12676 28820
12601 6175
44787 34754
38263 22336
20542 7984
23746 22726
28948 33309
4670 16668
5271 24951
17148 3993
16702 5341
20628 14195
25485 4465
5623 15436
63199 15305
9357 17281
9645 26940
24958 26664
40510 3433
12616 1892
8877 3942
31221 17268
26528 11570
29773 16930
7719 1282
2500 962
11192 22569
17565 9682
55452 21391
2479 59
27767 5748
28434 20081
823 20776
7121 5796
18160 8703
37580 38491
14700 25512
4632 28653
19149 4201
4708 32293
12674 20946
9145 31807
37956 52083
13462 39260
20178 12341
5076 60579
47446 4547
561 29761
9092 10379
26623 4694
960 10803
14174 25585
8812 22354
19851 17625
35867 8168
27584 15111
11909 26968
10916 20275
4728 25475
4508 21052
1310 14527
25755 22556
14424 34419
32031 37994
327 8913
42942 37100
1240 32055
27066 8889
6507 15045
34325 13356
5287 2036
44934 13090
30055 10860
28499 45459
28962 30950
790 12789
20149 20223
6015 2080
15799 11103
346 21304
48969 56768
15070 2493
19168 28476
26231 32414
11344 5085
27195 25775
9830 34838
31924 1170
9396 10329
12640 3320
37345 4762
39314 43050
10771 8253
8103 20717
17230 55716
24339 25099
20944 20711
2495 1067
42597 15113
33154 19140
30581 31054
6383 30798
17341 154
45602 25310
31259 24299
63799 12458
29262 35778
36382 24485
57 25833
10314 9567
8795 3248
2457 47996
46669 16039
40182 8005
2545 14716
7816 9748
21103 19089
7539 27840
28099 2062
34641 7507
44452 11320
2506 32828
15752 3392
10488 7286
21839 15535
31606 22465
3462 8587
2296 26399
20744 1996
10399 2442
16353 37374
24879 11167
12774 23973
2662 19788
890 14273
38972 7854
8516 6981
19629 19462
5301 3946
19306 24964
15632 7700
3357 46027
3457 10771
35510 30218
24874 8218
18666 986
8911 40254
40950 16008
27275 22128
1452 7895
18004 8
1363 40857
35769 36554
15201 10313
13905 25008
13468 24815
50201 28272
2597 11136
3623 32510
19356 42583
1886 24201
23730 18522
17182 10616
8410 12352
2922 8425
1943 42687
9037 11594
868 32503
43571 13687
35511 30898
24787 13871
15248 6762
14475 9153
2590 1139
3536 10418
12026 13938
6354 11490
8481 6832
15851 24305
37495 11987
31229 3228
7870 36137
39280 6845
7033 2837
29200 45564
60365 11891
5411 1021
29744 856
24990 21560
10003 14678
3264 27753
36116 24803
51529 13910
17089 30247
50180 26258
7669 23338
26432 3508
9432 11066
1508 5592
9941 14662
45911 18505
17893 6292
22623 26474
17726 25643
29053 312
8127 1965
4460 19210
13523 29144
5979 18848
13435 9641
22953 10356
17395 18308
1257 8010
31989 29380
550 20242
20947 22437
39564 8443
37180 7225
32452 14973
23622 17441
62005 44178
8131 30615
29705 34504
10419 16658
52123 24603
43117 16953
4418 7587
9450 22621
21873 13336
38843 18945
701 41918
16184 17264
16252 25164
5222 5816
35234 3315
14739 39900
5987 33084
4352 12013
3483 33137
13866 35787
29088 13274
17496 2478
16725 25802
31038 7779
10788 17094
24575 4032
1271 202
5216 30374
27598 36168
43793 32206
1547 23618
18598 10472
17384 13660
38236 19184
17731 39370
3554 13499
15901 27884
8823 7307
7667 44843
10956 22286
50634 44765
31371 9870
54128 27227
2175 10943
26544 12122
42471 16042
54192 51499
32522 14697
33089 36380
11747 5740
9370 9749
7906 36100
36273 31451
6878 19378
5275 4518
38239 10110
34994 11122
1710 520
44585 35752
22191 25145
11655 3313
41550 43696
2579 6841
18098 30670
26456 5868
12337 17640
9940 15644
9661 24079
16306 67702
1266 2369
15683 41717
35654 22493
9230 8262
22518 28993
10356 22083
25116 7166
29582 22928
3691 7063
6283 10668
30206 29095
12543 15793
43330 26443
22067 17223
35301 28191
18929 2553
2913 37169
14899 10905
14367 509
5362 16059
8158 4713
17342 23161
2410 4766
9112 16103
7919 2128
5874 3311
2783 12339
25008 17166
14427 17586
1398 53471
8278 16009
9525 2968
629 34638
2400 31923
12591 18921
25306 9517
3011 3199
32140 17007
31840 5321
5149 6804
29028 24359
28284 9700
47269 28459
4909 2077
30847 3169
33312 2635
21789 21371
23289 21838
11913 34642
45096 11851
10082 17276
8220 7243
40246 5873
3339 2084
14180 22371
4211 26963
6038 16259
219 20811
17283 24335
11964 5499
15478 11373
6344 12091
7522 20623
17187 11038
9152 4447
10135 14827
42983 28998
26206 41379
1119 24486
12634 3708
32065 30832
7078 15384
3041 30296
7810 11663
8163 32557
9003 20315
24799 15315
6982 7080
14094 15520
6337 5283
11185 19269
32581 40047
4154 18232
8855 23554
25076 25646
15186 1032
24999 18103
31545 2911
14879 12727
22572 30182
20867 208
16371 20035
30256 19552
16826 8925
27989 1921
24277 11779
3096 7005
20008 23656
26275 8996
16777 6033
22100 33263
14436 37349
12217 12154
54228 27240
23919 16784
23210 27178
16309 23720
32742 15214
11786 12760
661 6172
12629 14014
16570 36049
15834 9571
6177 8815
27143 26402
21153 39159
18656 12545
31814 14815
40463 14087
4459 6
2348 16366
25117 20854
44460 58004
19454 41832
19177 24631
28808 18201
5710 42375
20924 3772
18400 32487
21481 5514
32020 23573
34507 46739
2163 33963
9708 4158
39311 24060
26403 26790
14710 906
44766 11343
42871 5683
6368 24771
30981 38798
25980 26510
14661 6418
21796 19052
28189 14006
3657 22712
1881 1079
14673 12330
19935 49121
28094 3929
6479 40395
14541 29867
44956 4645
34494 78951
14051 53196
11570 36443
9906 12166
12230 35
35845 7763
18517 1349
30274 6594
20556 7113
1981 34522
10056 53772
21067 65445
53254 35948
5207 7875
14851 14770
21973 40951
12683 50884
45138 30175
17768 22852
36717 47157
6555 15013
37020 11614
5347 7766
32651 42929
24131 22314
22446 1946
39589 26961
1485 10073
5590 64662
28842 20520
2052 20640
37293 11294
12175 11500
8194 27058
15263 17675
11849 13311
42288 55403
10555 29960
4749 34047
29980 25921
22965 26996
16635 32324
373 21989
4933 21150
11244 833
12430 19262
30695 20779
10500 4506
33572 18508
5634 32900
8671 3560
10215 15775
26407 4015
6867 24439
4668 33168
27554 31695
3480 6853
5796 22448
4768 15347
2901 3181
11993 10095
6813 24532
13060 28964
41529 2681
18966 20491
19564 9110
20097 9349
14595 4271
20624 5258
26049 25570
11511 8203
7761 26822
60686 6852
6072 14674
21726 5036
2280 4573
15182 27945
38733 1405
1511 7359
840 10264
16062 6428
19372 29351
11789 27452
12186 20400
39918 4404
20953 11375
21915 18763
12977 20092
9718 3499
4620 57795
7814 15738
32106 16672
3379 2935
14232 10156
21917 21620
15809 22765
2256 33605
16735 8451
27657 3272
10338 17399
25701 4665
22212 5765
6148 14670
16060 38690
8952 10795
2161 27037
53717 32373
5899 38207
2333 7051
37120 8386
23766 18506
26733 27236
8890 1238
51655 34116
4087 37948
16240 8826
45377 1922
41507 50471
14664 19351
6720 18447
5960 34699
527 25614
28388 11255
8229 47047
38177 38447
16495 37784
12998 5560
18749 21756
4765 34273
15923 6349
11390 5095
38549 8242
32303 3134
3656 1692
6809 28595
103 22746
30075 10014
27691 304
7745 7042
31715 12811
27369 6239
30217 17163
6849 1223
14494 18619
817 14913
16889 11689
34421 1043
31778 54441
12045 3435
20346 23745
43573 5660
30690 10286
27220 6924
21129 30492
12316 15584
42079 30479
43821 37797
10856 16846
11813 35919
35601 20429
11206 7998
6785 24049
11383 11760
24077 39036
3494 20998
8903 32282
1769 31580
13235 23923
22410 20868
10342 148
27901 8327
33811 38790
49129 5647
40962 50904
5697 16428
27466 20064
20855 20978
15560 39856
23573 761
23875 11368
4077 25485
17851 33674
215 1422
32331 13504
19347 2542
417 22266
49564 15932
5763 20702
9693 19860
5167 17048
916 4469
37934 18908
23708 25044
16710 20980
48906 6683
28542 35150
14753 28444
9323 31316
284 5942
6213 26536
12984 21423
27270 51674
2096 16142
11935 17708
4162 31085
1372 13067
8086 25763
1877 19448
49137 17175
16426 12018
9366 89
18972 34421
4858 14400
14696 2651
15669 34073
28287 3549
36820 28817
20954 20299
22030 22423
2066 17512
7819 33093
22634 37787
29345 30251
30109 28612
23143 2343
9202 19661
11500 8533
24155 14935
15316 12207
17070 17950
12605 23998
3543 1535
4672 2166
14237 6302
16942 22464
4394 29788
8633 24115
7177 13077
13642 1470
24603 50924
17024 16826
43429 4123
57038 9971
30208 5005
2894 3531
12580 5001
33357 1014
20295 13578
3797 760
50976 23921
974 18745
2337 8981
1859 1203
77183 13195
30056 57358
7929 27469
13428 9308
15559 12805
9503 3723
1520 1999
11035 6334
34913 21757
3638 28985
19936 953
507 479
37053 41997
11385 1194
5192 6433
32101 48409
32113 16237
33012 22462
2237 837
1809 16430
32273 8138
50554 9364
6087 3571
46275 40071
5835 6145
9163 12574
6748 5548
2041 31991
12331 17792
21598 33550
30096 17099
12844 937
9644 27878
16650 15807
28594 8037
17859 17237
24927 3622
28688 22125
4402 1841
32138 400
1468 23539
12619 14275
8394 7440
16652 995
21253 6593
10133 11243
16163 6822
14004 51853
10242 13682
7715 22233
15208 4509
6140 46510
6043 17460
11219 38442
29095 15278
30104 23071
37419 2891
34411 25809
43458 9151
8921 33024
25669 38022
32802 21124
22268 2714
5002 21
7165 33023
22881 22228
13125 48125
26367 49780
15458 6840
17360 416
5161 28922
9505 26361
9881 9911
26414 8732
18389 32605
17919 18252
5537 49602
28372 11668
30296 44563
15483 17454
7244 10543
34976 6712
45780 729
6189 4407
17014 1089
2266 2185
27627 5125
69114 9782
43298 9455
7164 3463
3736 19825
15887 27302
20420 5333
27988 15712
6164 29468
40833 7715
6659 7796
18951 38219
17977 12250
27794 10730
615 7439
29354 1374
23995 34555
52389 5500
7402 12739
9538 14413
11147 16279
20351 3023
23518 10721
188 13174
11681 1226
9770 30212
22772 14314
49797 19053
39416 22140
8332 8333
3452 32905
30250 61052
29790 593
27008 24667
29904 35131
35448 17972
23721 41380
42389 8495
24432 32421
23360 11119
61739 33821
4787 2231
21050 14508
31949 23782
51122 28953
5268 13210
18161 11449
8425 3901
13633 19795
7198 38271
838 29082
190 1870
8211 4329
1738 28502
16742 11145
56094 27047
25460 49727
15087 3148
32122 17884
8049 3872
29411 19543
29776 14620
26461 14069
45547 34351
23678 42898
36895 7192
2094 8329
15772 17522
5388 9668
19540 8472
5989 33180
12863 25092
60383 69144
46626 11187
29075 52404
16396 2257
16193 13476
30856 8455
6096 1576
2191 17540
6274 17330
41319 20917
8762 5940
2983 10951
42204 4715
7287 46431
37675 12066
47602 7834
20759 45361
40851 38905
3941 8618
12226 33198
256 20835
36779 1191
35031 6146
18957 5679
27934 25762
5437 10347
11200 36802
4193 12088
29193 26318
14409 2043
31482 57925
30974 19677
22600 198
15142 17779
26481 15620
17534 2382
13953 10697
1979 4825
23544 4954
29280 5978
20523 11116
46088 16326
29149 11176
35811 4177
54176 6438
12466 18234
2897 55720
26986 10180
67455 10366
15977 14429
22005 22378
3026 12108
7621 23951
20980 25836
10617 14971
10578 15176
12795 26170
7893 2252
16683 8230
31596 8483
21264 9595
10492 3073
56885 9542
22890 7406
14320 3925
11477 13371
57825 33597
17626 17309
7369 41119
175 1574
20741 28646
19303 10967
9673 4646
35964 12116
607 38891
9745 64960
7950 7775
5740 29126
1203 12143
171 4089
23445 37038
28956 27449
11196 17417
33165 6076
33932 45477
35228 51585
2714 4847
15945 18095
8469 20547
27630 24410
19118 31943
11387 1142
1165 5656
16422 11863
9912 44262
20040 12160
6945 4607
3384 44875
58296 1626
5173 3274
9082 5358
31981 8362
35627 108
18564 5384
28965 24969
12921 9633
15720 9406
6997 23113
17621 17510
24964 20503
8565 31762
15334 30236
3420 12044
18679 34766
3933 12329
41797 6333
39017 50122
28154 1923
30253 6939
12523 4992
46305 12111
2906 3523
19369 18239
20012 10408
15948 8747
19756 11200
3693 27541
1665 1910
2676 5413
6866 23316
49312 20243
4071 54643
24831 240
22114 9926
34783 10396
28275 29235
3545 34275
12974 19781
28818 15853
35978 22552
1854 8189
23956 18491
61191 10009
34509 13260
7317 21217
2253 14930
46505 13574
12444 36313
12797 21976
15716 9253
12325 3356
14261 38482
8115 4917
15836 7336
8850 21655
25758 17606
16949 3778
41480 17419
14842 35011
4477 30796
7675 32110
32871 28458
15853 13478
32443 26766
6450 24859
22875 1195
31816 12362
10826 12883
676 39619
23628 28053
39014 45142
60346 27738
51445 27156
3293 16505
12561 16365
1798 6502
23059 15649
42737 1109
5433 50587
9083 1432
1802 43887
46205 26829
26447 497
10113 36120
8587 7772
10727 4913
23126 3625
24065 14853
8630 34229
8227 14140
10094 1371
2936 3408
4742 21825
17689 22479
10796 5696
6057 8754
6166 14170
26351 1972
4410 47497
18271 697
25637 21623
10514 16072
2005 6904
26013 34630
36894 35825
20338 35639
11607 18649
24589 12804
33706 22577
39160 17242
29168 17851
3848 32985
244 17243
3270 30235
6448 45765
8891 3576
8778 5909
2070 22019
121 41729
47072 15356
32592 409
13999 18790
13957 4052
41724 2693
11097 13242
3013 292
25429 17868
23545 1051
19703 1603
14246 11999
23405 4252
19194 18665
6584 4373
11127 2251
23615 37194
38293 14947
15563 15180
8962 23535
42795 7367
14653 39221
12439 8678
19886 18773
8712 2383
26350 20462
8019 34662
14313 28961
7782 34468
30909 19947
15059 3806
3539 6272
31675 2722
10150 1898
10039 58558
25866 8818
42789 1454
31611 29219
12330 23343
5811 19755
6644 17695
35232 1075
12106 40165
8339 32939
13446 45959
27262 18353
7726 162
22497 21134
23639 44568
18480 890
29034 9693
24776 19827
9394 711
19849 15717
38626 1917
27607 14265
7131 16323
8586 42786
15138 16649
39038 10188
45850 7086
14690 7506
30926 16803
2276 10234
12852 13512
11708 2710
2366 12611
11579 18181
9919 9973
10734 17930
13545 2008
12487 4822
3266 25052
3698 36215
28788 3290
3719 21812
12160 7066
34741 32932
53465 5174
6556 37512
10624 20234
3169 15944
1535 15389
634 24892
19146 5123
1250 18525
34861 28740
4082 21461
1795 23104
20263 34342
22159 38272
57790 4910
23136 27762
8421 18351
10166 33611
4601 2899
25783 4718
8594 13232
29676 22391
14993 21603
16788 5567
38943 7930
20106 37010
37673 13966
6144 12316
21550 7020
17224 20067
14889 1102
1726 19774
16869 32317
23290 10549
20497 23736
19537 38005
5920 438
10581 11120
7394 37438
56420 24842
12382 38294
39007 20093
48893 5859
1522 14172
18395 7076
1179 27096
6100 7833
11793 33366
10627 205
16558 21154
38000 2701
36056 17394
30808 4898
4525 28442
13952 4813
1765 24642
9687 18126
17642 12915
7823 36438
21210 10210
1558 7992
19781 25522
21492 13842
30586 72948
6484 31974
3039 7921
32891 21035
9578 42066
34158 29131
3386 34707
5191 38604
15145 13023
15092 23630
15561 5606
17907 42319
5270 28462
26171 21488
15907 34069
2888 10058
34023 14852
21026 10996
12218 34715
1585 21909
15206 30326
18521 19418
18181 21798
26941 26885
23321 23470
38564 12084
48464 21017
52614 19637
3492 22903
21641 35432
24671 25020
26057 7397
32130 20043
22145 45475
1573 19696
20279 17497
11951 6339
3935 2675
17262 6988
11943 15587
13876 18837
17310 32995
14794 18309
17062 19851
31503 25951
52249 10259
13602 39607
21944 39517
19328 37249
27931 22953
24804 19202
42055 4853
21110 41976
18364 13850
784 6083
20504 7238
29534 8074
2058 12132
260 5993
18831 16713
10875 5299
2778 7263
32487 3834
14841 25797
14682 23632
65770 2011
6776 26031
27488 37960
18783 7218
19594 12294
46114 9559
22854 22374
11256 14327
7727 20155
33621 11620
43652 165
7695 27185
12585 5108
5018 17296
26915 31321
5558 30780
12906 34071
18526 23282
18464 17241
45826 3903
23447 6907
60096 3628
2159 6405
18962 2637
6447 26099
15501 7095
3771 4185
18518 16798
21044 19640
43775 15652
3058 25346
30668 5359
4573 6639
17970 17477
32753 4051
13986 24424
10486 23690
18038 29012
21911 19895
50432 24216
21145 12228
11753 21368
14412 33097
7930 24348
27387 25520
7324 43454
9043 3053
9506 28522
13833 655
9942 15741
24860 6018
8846 11493
17256 5328
52346 21378
27846 9628
18953 36104
36505 21275
24681 11688
12830 16285
50468 15871
18474 258
22702 41858
9062 9010
33479 23166
29652 10897
6956 10023
19527 11462
2667 14335
12234 72346
38913 5905
22314 43257
7022 8459
2582 9623
10143 33060
3990 26914
9024 45130
9282 3796
44826 36126
23666 1169
10103 29013
32027 38241
9119 2199
3932 44075
18825 20016
22864 52931
22307 18606
16023 4057
32514 16367
25934 1452
17412 22280
27319 21828
3345 18437
1403 19131
25733 26436
28692 17080
5653 16129
53095 14365
15005 26924
44103 5385
2121 18983
16277 28783
34213 13840
25326 10611
23249 33565
46952 29390
10221 2145
6367 136
24030 9196
20578 16123
26854 57458
11429 9184
17780 1685
27976 9298
31623 17752
3663 1219
9735 2197
48881 35740
4321 9721
4556 9333
53387 52658
4256 21218
10662 26278
20377 20892
53499 33290
24668 42097
16226 13885
648 1185
4150 1073
24425 12550
7859 45676
21946 9524
18961 2990
29848 36622
43921 50
354 7479
242 24639
2374 16703
25012 8992
21847 13254
7480 20011
14525 37035
31683 10873
500 584
22116 800
20302 15147
16816 30711
31091 38433
12035 15630
15641 19885
18238 4802
22386 35315
24428 34049
10316 13617
35642 25179
118 39925
2031 12802
19637 15848
886 44542
4883 8338
10302 11260
6486 9651
25660 5148
2655 15916
17722 14461
46913 47620
40138 12031
32819 21051
18272 5116
8336 24464
27108 7513
40498 37716
39511 17541
47532 4703
21760 2643
35554 14962
4135 3590
28534 37913
6753 15739
850 26036
50933 24825
1789 22188
34181 3589
42528 15068
40424 9588
3529 12675
27420 20213
5810 13373
425 19433
19769 29625
23071 3640
7637 1738
10697 22213
19745 22851
28183 16827
29159 33868
24527 24057
27982 11600
23146 3593
37154 53412
32922 460
1864 23012
14083 14236
40543 4314
41032 3830
13287 4870
6216 7545
483 28583
15389 30561
3754 23999
30533 1512
31745 9339
9950 22013
1967 9150
6547 6287
28512 25777
34803 4160
21578 5936
23232 11831
20192 2665
2658 22808
65480 4806
7611 35173
32539 28377
27159 5621
51638 34389
26704 179
13005 14022
14795 18290
26739 7203
13689 2178
20872 33353
30833 47514
32611 3827
41970 5542
4247 24569
4528 10691
29064 1943
9532 5963
23072 5206
12152 4159
21678 23276
27545 32276
6111 5860
20423 32104
6967 15059
28244 17561
6636 31885
19368 8052
6848 33414
19144 23198
6540 3191
7688 10121
12190 10744
17753 53775
48052 30167
19407 37873
10015 3854
35734 10504
33293 41243
13843 30515
10525 14887
20193 19966
19895 19356
73 17049
47627 18071
46636 27145
26696 42532
31428 35246
22197 10386
26141 14357
4994 14341
29308 7085
23924 21885
24332 14252
6135 19130
6312 10818
15985 10026
12293 3913
8820 23246
17733 26220
3449 15499
29340 34093
23726 16165
42056 5192
17841 27154
16838 43731
11018 26280
6211 28506
27894 46206
14902 32123
1431 11715
11286 53394
8401 16063
9572 46959
11958 27725
8003 2621
5008 9033
12147 21937
53836 16131
26605 2853
40336 35212
28652 9552
9010 17859
10487 34856
9039 9385
4789 24207
1718 23665
9787 9600
14358 31968
62241 26537
6566 7389
19789 9127
4275 5735
40785 22825
60162 4930
25955 4490
17572 13278
13465 5784
7127 14952
4015 18926
6541 38584
12564 13775
1767 23636
75945 12267
16370 26156
17550 16191
5556 7071
29734 14305
17773 1214
35715 10513
5292 29438
16364 23893
6208 16686
2614 23581
17368 23924
3231 33581
11417 20150
19696 18904
36130 65919
22859 32824
33033 23275
28127 18670
11997 29079
15625 9824
8053 56325
11057 50985
43492 2878
22608 11661
8661 19031
10586 7015
68416 27225
17026 4560
17595 6190
10147 17980
39654 24576
6804 3932
40499 25974
421 11982
10411 1926
3179 954
5085 23486
5990 9175
18405 36856
36249 32442
65405 4267
23554 4535
15505 30080
13480 10387
9904 13034
23311 12037
34541 40657
33918 5693
9865 31144
19514 31927
31848 15705
16829 9324
31597 8104
6601 5271
13516 23558
41100 32459
15325 42493
14815 5210
16042 17852
20432 28790
24325 3197
22181 7170
10919 13963
1352 32284
43230 54628
33370 49829
26387 7466
16504 53537
22812 10899
33911 18171
60 7760
41888 25514
32025 24538
19317 19950
5620 17673
18705 22389
63436 18325
36857 28278
23506 1737
6640 10106
18356 3302
4523 27174
32509 18246
42419 6323
31137 20112
10257 9494
33374 27012
1857 8150
3422 4873
10053 32135
4419 24315
28409 11892
36957 8177
50764 757
12672 21956
8406 33291
9746 8683
11892 8702
2968 31681
15099 16815
9183 41414
34992 38727
2869 7542
19773 26070
20616 19041
12945 48184
6394 26341
33795 16395
22583 15268
25769 9034
24116 55946
2807 37481
25666 563
50633 25883
6258 1764
19331 38000
5325 40345
438 1515
28401 3551
34461 8671
3143 44783
16206 5583
13076 11053
32876 22428
35596 26057
1182 22544
3424 45631
20928 41176
12972 778
8521 19017
53804 51218
24966 11850
419 59711
12908 14758
10922 36311
41300 22839
37655 1431
6317 38283
14105 29853
43942 11590
33724 17278
1217 26205
20975 42639
44061 12753
42723 6966
24578 1858
36114 766
18640 12469
10387 51872
18827 21855
15240 8893
14714 545
6385 20814
10911 2272
16012 4790
4819 34475
34920 20656
5214 54297
16167 8323
19427 8874
22922 15681
16453 34787
31569 22474
4171 2246
19319 11640
10211 18885
760 6954
65440 31095
15503 2103
30866 10499
7211 28873
16989 11542
4196 32479
33287 34126
29419 2135
58 13638
29183 32399
26368 33388
16218 9728
2885 38049
5855 2375
32699 17472
34420 27746
11688 62426
16675 6389
5290 24134
18721 8636
20588 2787
24083 21447
16247 784
14402 45610
213 24495
47200 40993
16303 52523
16415 32677
4731 37851
26510 3396
7253 42178
36215 35423
1790 36973
203 16575
6817 342
11767 13189
18059 19107
8756 6348
52752 2603
7568 35555
15710 5242
8658 24014
43111 43915
40611 17953
12885 41675
13577 37919
54242 2940
61146 68303
13762 12648
2990 2984
47743 33778
22615 30319
36150 4202
18585 12723
9016 24498
14472 4862
3236 43419
1348 3969
25727 11563
15762 18721
20650 12509
12133 3810
28369 39752
10534 17638
28315 10877
10341 22182
13065 22007
24502 13379
21416 17282
8522 68049
12503 22450
6172 6498
12849 11157
8554 245
7720 6750
37932 20302
28827 54509
4126 12425
20535 22522
23074 21441
70926 3552
9452 35720
27360 9330
1668 52706
50108 5886
40009 24970
25717 5289
6246 31590
2884 29116
5786 3218
4465 13177
16944 28408
18638 12464
30400 5314
8650 5407
18914 8566
43541 9393
51524 38032
33356 3732
28656 49295
20090 4122
39696 18693
15163 139
14336 14317
29273 29756
3962 54239
6027 23333
16466 331
9776 305
4998 7430
25670 1585
20301 29531
27519 4959
13342 15978
6397 1888
21695 6390
5788 10557
13454 14910
18648 127
31863 10516
4894 33734
3621 18710
557 15055
9734 10796
14014 4831
33736 27451
27082 4533
5414 20882
27334 8259
19360 7514
8638 10941
2810 15634
23387 17192
21202 23605
5358 10176
17677 50995
32994 29915
6954 31623
30559 19521
30110 12956
35101 11479
31268 6315
24144 32208
21356 9061
2680 29668
65 5505
26369 27642
31152 11962
13718 15271
46881 216
4373 17549
14289 34983
16024 22175
27062 5121
8592 16214
15579 21948
734 24758
40130 33905
3251 35587
35925 9752
5525 15245
3069 969
17894 12786
27345 7029
20003 13534
3725 28363
37712 11031
6843 15867
34318 49231
17592 322
15846 17956
16820 3243
31878 6548
14034 27573
26422 18652
5708 15138
19458 5556
20713 35731
31961 2106
28028 9050
13486 11783
60915 21046
31926 41884
66570 15364
22004 6809
26795 53072
16330 25367
19811 5381
9853 58
26480 11664
13147 6890
2734 23509
37866 10392
33604 6553
26683 45226
4164 12716
41353 23947
6979 4219
18142 9009
8918 899
35679 12168
15275 43107
2860 11281
23502 13125
7714 31060
14953 42049
26294 15463
49729 34226
8870 28239
9760 46925
12153 34348
18278 21996
10157 30391
14646 14501
7162 29572
47344 11397
330 4969
22731 25661
10917 37783
21688 27468
30025 13063
45223 7041
1065 15794
6131 9592
38957 11440
56701 25424
4766 25452
5977 30270
2573 18384
4980 26272
11395 16793
12417 28639
10782 8135
5190 42441
37878 50784
5115 18471
485 9754
26330 2358
1898 6612
14857 6941
30986 14529
43506 19000
8134 8540
2310 51850
4676 26517
23409 32492
36518 14343
40920 5827
12407 7769
34879 106
21340 45786
11427 22827
2683 5903
7773 42210
12012 24721
15936 14447
910 21646
21282 22441
15273 12242
10859 20682
24609 37499
7556 23237
28511 6086
38156 19890
25014 23598
38617 13779
16394 21710
26701 37843
33423 23543
8230 10298
9896 7719
19724 1295
55489 22366
8837 45741
4552 4006
35756 39590
43388 12173
17277 10293
21132 4365
21527 11086
8706 29433
13303 23230
2192 1456
9803 16111
18535 35554
4408 15264
6467 19328
13407 16541
9160 25071
18197 15725
34877 17699
8534 41524
2504 31470
53283 14198
5554 16469
12548 35783
24593 21285
33959 24537
15147 15744
13058 12261
7914 32216
17336 22683
26914 36962
19984 17221
1172 48049
19229 40786
4813 23702
27874 26550
9888 11606
8316 4494
29492 9626
26995 13316
13522 26313
33001 39964
21381 31020
13476 10987
22169 5276
9747 40890
21161 26807
45303 24312
51916 5855
19481 5955
14567 2945
37089 1573
24598 12422
14074 18498
47376 22473
29726 34439
59572 15846
24863 20570
5868 6447
21180 16164
8982 1650
28723 40464
31290 4938
1715 30694
56186 40526
13217 12639
49491 11853
21440 9217
5852 35303
34589 14217
6649 43975
28142 4473
20777 22791
13450 5093
19045 5282
16159 6265
21890 8729
23142 64768
20839 4322
15444 24731
36559 19856
39924 4163
11123 8305
13817 9268
9964 33948
16072 4651
2063 10958
7362 2607
46172 8863
3510 7296
4896 23854
58576 33346
9513 1907
31800 16860
34222 12504
20401 20240
51712 665
24847 16862
38569 669
12146 18759
31759 6158
34705 14176
38052 5536
14686 8929
766 8112
6323 20164
2637 49441
22448 16213
10485 26716
11989 34968
17576 6150
8374 17194
37296 11869
1500 24456
5675 43224
38512 13715
4326 1913
20399 25162
25698 32534
19283 19540
49899 19318
5749 26943
10405 29519
9583 6998
24918 46930
44853 11983
28684 8589
10799 10081
40451 21772
33496 18363
32026 10217
23097 31940
4887 25710
12086 20306
4215 20411
56498 7484
11135 5966
6831 19897
13122 9131
4174 16696
363 2310
10915 15561
34022 4948
15116 28499
1096 50898
14987 27165
6184 2433
15606 22406
24429 38594
20198 45384
54605 16196
9492 16246
8099 33766
23400 14542
9789 15306
32396 6494
11393 35636
3378 38739
29579 24208
32519 26787
1234 30076
11685 56394
8956 8952
31517 31965
6538 59972
36888 38351
7203 11004
4389 39030
29013 38962
14763 18634
12204 10421
38199 1719
3244 20828
30231 3028
7563 12777
18078 10944
19421 48945
5654 21574
14140 10506
24866 6899
905 7882
33100 91
6983 3488
17123 12678
14959 28563
6106 21676
17556 26608
38019 11035
67104 4109
23923 23070
9120 7495
6653 13290
27070 17720
28354 16855
4482 4021
13032 4281
39572 50905
3972 51094
34356 14970
20485 7117
8853 21489
17046 31135
18946 20673
2837 12324
8392 6676
371 17029
34392 10838
8888 21508
8626 11525
30878 28416
34710 21403
13401 28465
4529 7221
2575 19850
11162 17015
6468 4242
29485 19682
6650 17493
502 18931
6324 16805
10222 3343
14055 2929
29715 25270
5142 12824
42242 12428
36680 22029
21483 14156
37210 12880
19736 5412
8231 36201
8801 10153
26822 7534
2478 11749
33179 13377
22726 770
5421 39024
18876 3237
25539 41170
9931 13354
59723 11337
49193 11102
28602 15566
3090 27977
20995 3962
6513 3211
12675 3974
23825 11861
14326 26018
4630 13679
32846 10926
4872 39213
2015 9669
11926 4857
2304 6782
9970 35491
11168 12521
966 8557
28569 10457
16385 11819
32925 28587
44883 23501
280 10008
3946 32934
47971 45785
14192 29247
10997 31867
1227 12637
43455 42638
9341 24632
20525 23658
3541 7031
16566 14056
14119 13581
7273 16434
16803 34327
1148 12191
31103 12546
12708 24594
9390 47
34683 17531
21927 12605
11713 54407
32291 38350
32390 3627
23186 26077
15213 13062
28223 2726
795 13898
2194 28004
35314 33584
11950 22911
8315 9663
10059 4065
4891 18817
1876 51254
33385 10037
4938 8694
14612 19869
6502 12246
1634 132
47331 27153
12321 11223
18818 3813
47062 23321
32662 21892
10528 16391
6820 17411
1276 7163
8542 43950
22429 1236
25761 3293
7149 39222
51437 9818
1351 7980
455 2747
14631 22248
13584 50644
15083 4128
20893 22966
25618 63024
9500 9597
6103 40298
36431 11377
5466 7261
1699 48201
14529 12988
21247 1667
3020 14730
13056 15439
15044 46448
12342 17046
22917 55915
11465 50424
10328 40674
38612 4941
7025 7341
10225 12936
6089 19925
40546 9481
25693 9001
18471 3503
36101 20797
40872 15637
18133 10824
41566 17019
8838 20565
7754 19015
1664 30255
22360 16762
42817 22053
53680 44190
13186 8957
25907 348
16676 57314
6329 40545
28192 13411
10479 4678
19046 29098
22661 4534
23207 5665
43114 11723
7684 2458
6411 6649
30221 16739
17622 30830
19488 35003
17259 24173
13068 2259
41886 1906
12645 4505
20179 21822
2979 2095
25603 13
16200 28164
4515 20858
6854 20669
23444 12444
11170 34120
9414 39742
26482 25417
10970 5604
21738 42327
11970 12688
22624 26796
29807 25602
10686 51399
19711 21549
23641 9642
7427 15171
7065 10815
5400 8423
62114 1419
23974 31412
8910 16153
30633 47993
15721 52833
7356 23570
44390 8143
40847 11098
6469 33174
23958 3916
11275 28216
43116 5244
15464 7989
59640 21529
1917 37676
26933 31165
21240 6925
12062 14571
19877 33499
11377 20492
18969 10273
23695 17603
1395 26153
33353 36497
1016 13280
31052 14642
23838 21082
42472 28555
5440 19516
8371 19511
3400 32030
59801 23988
38766 47501
14190 12171
29440 11817
20903 41513
7119 14280
4827 10338
38826 25291
18971 26855
17490 14003
3915 26273
24449 36394
74690 5803
16363 10705
18505 4552
16878 9291
6993 11902
38619 67332
22238 17775
37691 7597
9869 10076
11412 12922
28838 25365
45766 37828
4436 1461
49432 13899
28334 10917
24843 9299
9799 8438
6900 15518
24806 12748
767 56657
8495 16745
25981 23673
48031 13129
9957 23149
17016 5607
12552 42232
20720 20477
32886 34190
29972 19390
29180 1063
2719 3089
23826 12565
6696 21091
2661 12564
21548 35952
35280 22160
25432 17183
28122 18726
13547 14480
54784 654
41568 6467
46878 28432
45601 40061
25436 40309
19930 14268
3225 6619
22224 4315
21567 15683
17245 32750
24390 4693
10364 31712
19461 15806
37155 9907
37310 46548
7209 14915
23309 30518
26533 16702
8032 16809
24363 2297
18851 10163
3484 3816
17067 5297
29985 8506
6521 8019
8197 12304
13885 13648
21838 2684
10994 11835
45238 27076
22442 14040
32393 31843
14812 32198
37287 1920
5193 9252
58457 4987
44496 34634
17543 26932
2942 18012
22479 11901
16329 15635
43422 11825
24766 2017
10944 5374
20889 25085
41225 167
33997 27491
8029 608
5996 12490
7865 20314
2169 13930
27525 10656
23200 15545
35824 14200
10483 19797
49422 6986
16490 13073
39840 1210
13697 27505
22162 42389
31199 16053
40164 4695
48999 19506
15664 3828
809 9923
6613 11859
22921 11557
9932 28084
11205 27203
51711 30372
14099 1942
3601 18669
5492 1513
11423 2124
7411 22065
28416 4347
18018 10827
25278 59674
11468 24473
20617 60500
13548 19530
4214 42143
3983 20376
19202 29204
696 34400
6703 22616
15079 15883
27841 43458
6938 158
7166 31676
1884 6930
2405 18482
1813 24284
45607 16964
10645 11272
5304 11170
12696 8426
6143 30800
36008 19419
1054 9862
35920 23741
495 35824
41913 26032
13627 45302
4048 28470
6062 35137
25020 11029
1255 723
21524 11018
32546 10443
22823 42390
7557 18405
14988 2957
26051 15282
7926 5924
9374 37022
29530 24436
3910 15762
26385 9833
25065 20046
3645 27585
14241 6701
11658 3117
2142 28990
15764 5847
4040 4538
14290 8406
19119 27986
13514 14278
37632 37620
21242 8291
18475 29582
25936 11706
25794 18896
21457 3599
1846 25015
12697 17789
27122 32769
17472 19108
22069 15168
7646 1276
31801 9237
43883 4539
26302 1156
24954 2705
21634 52333
7098 29866
9448 13582
18684 9482
8216 23114
2247 10520
1340 795
8357 28764
5661 39718
15217 22954
2440 21875
20034 2240
34477 4541
8188 18994
39255 31531
3308 33211
37518 2188
28934 6403
389 10756
16356 16102
8286 12730
5836 11133
18924 27375
34515 6267
23478 11613
13837 4012
39250 3452
1729 4590
38048 19392
24084 35202
51424 6406
30861 23309
25198 14084
57168 3644
22105 6434
17624 34362
4139 15890
80 4708
29453 20812
22198 13754
13634 16918
18127 9697
24003 1751
34885 25003
9630 36997
28689 46094
9806 2418
430 3666
1687 32155
10677 1168
47119 27312
5402 36809
20157 12077
6203 16817
32244 52037
4199 19526
36402 33321
52 21706
37734 17131
1212 22165
20965 2440
310 4415
7263 888
10547 19489
10102 14001
26358 14874
43619 4717
20486 14555
709 10809
18042 24720
763 9747
18519 8151
11150 30425
40448 25900
47650 17650
20117 39433
10972 20256
68017 26695
51751 7069
6078 21907
45822 18808
13391 935
4094 25004
22036 32359
52132 9576
4927 22731
9086 28213
8530 34025
6527 1886
27305 16636
2344 42409
12090 24986
10175 22693
2677 23780
12313 21598
10894 26307
41277 23546
3549 2267
35241 24995
19953 16958
7062 10006
17439 3951
24010 20383
57075 552
54156 6196
45407 10411
26724 32667
2029 50335
3279 45513
5235 52933
11108 1776
28320 31493
13966 1627
29231 11041
19315 16660
23713 63427
20662 23556
36716 8309
27383 28176
11589 37918
8977 43343
42324 42331
38403 4945
895 43476
16462 5674
49514 48286
1361 26065
20778 24270
27651 2897
49177 1277
21696 9788
37490 14219
31983 544
3414 1523
33346 22132
217 11549
17135 11080
17125 14715
47557 55055
29639 9795
22155 43932
23720 21395
28576 9829
9817 9554
4039 11650
21555 31727
6896 5894
10548 1810
40058 28371
27850 25488
27399 9011
34178 34241
13618 20763
459 11672
2840 29883
13558 19345
24908 62938
7656 2735
47761 364
10510 19428
27624 2743
5310 13759
22955 8247
44085 8498
38884 2345
1291 19891
35109 34294
31281 46054
22276 35719
7409 5154
41901 20771
1636 23870
4557 836
32222 43162
43950 52313
13753 13616
3961 7635
5171 12543
17829 21443
10764 38844
34090 6187
16010 34536
55527 15513
21409 26869
30409 9710
20626 32674
9685 39576
34630 36167
17124 24654
17669 15382
26247 20987
30757 11211
1281 36082
5375 6082
29115 37532
30814 203
11434 19910
1745 4213
15411 10558
11479 19228
17458 19672
41584 31126
26063 4734
13192 5958
17049 14090
30818 31579
19534 33687
43182 11993
11752 10532
23395 57616
21532 510
2612 25971
8258 34991
754 35525
17634 13552
36714 7978
5125 39865
19978 8159
10837 11944
21526 30017
9980 18826
6083 11437
37714 5874
3137 7199
8624 23497
28771 20482
13182 5511
26305 10209
19076 15650
33168 32821
16280 22417
10739 9992
11343 5890
20576 19694
9210 23868
27397 14673
43017 26566
11154 17545
1263 22094
7207 9558
19569 22868
30510 15811
30883 11621
23961 11685
7305 22993
12832 28090
22481 45591
4382 1814
1377 36006
30631 2211
1619 7298
8708 23359
12080 35688
15591 40932
4744 8448
4530 11678
23788 4203
35656 2395
1512 19033
999 637
7999 33847
9044 4640
1856 40177
38628 12610
7649 45241
8844 11638
22547 16601
3666 7774
14072 2439
31838 34499
17584 20914
22797 3323
17216 28844
15344 26004
17610 58092
6586 17765
13087 17665
42558 6990
22352 36276
29396 6610
32589 34318
4028 35953
5344 17032
19034 20921
16179 39290
16940 4231
26707 26717
29070 21592
2622 5114
2908 6296
43120 27411
7487 38669
14704 13882
10866 25729
5573 39696
39657 20832
28456 19283
43439 13540
15276 3118
20160 8736
12782 33307
2046 22223
12059 8813
16272 24511
3042 4702
9907 33421
19193 33186
18723 38983
8575 23849
13624 6344
22196 19541
5814 33981
3633 21363
55286 81
51949 26345
15888 30262
1024 16718
7083 18762
11867 32584
10318 2913
35894 15075
49650 31147
18180 13817
1013 2391
30081 12742
16375 12398
4124 12117
8241 32999
28575 24856
42550 9294
17515 9845
40615 14680
13665 15343
10682 4867
20030 3170
16450 8273
9404 21883
3019 20454
40966 28533
12978 21267
27147 3825
5498 4356
20844 4342
14578 7309
6641 12317
65478 25315
35666 9305
5999 20650
29054 19459
11360 248
17695 420
21866 734
576 19359
1496 18818
6423 36693
2067 5284
7361 2572
19726 3703
36633 1952
44065 3694
47720 32511
10773 8930
19998 18079
39272 21332
11130 2191
17796 1355
6031 52387
34111 3874
64478 23480
14573 5089
38485 1025
2879 11766
4772 20248
11146 3709
31822 20264
652 11488
2960 32352
16079 16489
15090 32348
8623 27308
10998 25046
25454 10266
30556 35512
5199 23406
50097 34677
29853 32444
29457 9287
16322 3742
26131 17106
18765 19281
30260 2427
11433 27860
32194 3126
32083 4268
8784 10303
5198 929
35618 40292
11075 38368
24824 16108
1207 25076
24841 47784
6762 31990
17075 46591
19926 36845
36802 2481
12043 19574
51142 30766
7977 22532
40981 40690
28108 16443
50839 18193
18902 37891
6322 55787
908 1446
24403 18135
44478 52487
41256 38518
2196 1723
16279 19802
5887 22139
9924 4077
43032 21914
11889 7273
20749 19982
6194 7922
34940 7412
26797 24095
9182 3332
36126 12641
29078 10372
13157 29507
16771 25821
16912 25606
4754 33694
8107 18933
10667 2821
22107 1050
1005 3544
17097 31058
44282 14303
2135 10043
11671 694
20796 17214
29581 40851
12412 17910
2325 10357
33265 12662
22918 1856
13416 30578
39652 10300
5975 18287
22837 5617
26991 44204
19134 11067
38504 21376
15390 11720
18418 36040
1657 133
46743 9261
38309 13937
8013 2387
43268 30933
7052 9694
46340 3150
20 50286
18733 2890
28241 5968
45658 16975
8055 675
4859 20975
7500 6997
12589 10924
3783 27881
21468 24593
6273 24193
12965 17365
37071 5274
20259 16450
38163 4750
31673 973
26167 19595
38750 22150
14000 30116
51693 7585
31721 16242
19912 12484
2384 10590
1679 11020
31115 21429
15575 35292
6777 18134
11614 5390
1302 11518
42751 12292
23449 1651
11565 2664
3490 18658
2026 926
2315 8544
19152 30021
43602 4240
24555 4830
37952 9323
10778 21935
11065 24368
25231 5946
48623 16651
20808 54844
668 3940
30742 25107
12274 19888
50231 23397
18508 20421
4282 24664
15732 21679
40355 3667
28153 19333
45556 25895
7175 17092
35830 17740
5888 4892
41883 3808
1429 18897
35551 1429
14474 38134
22244 26720
109 79
15820 7866
27731 14331
33538 30066
11337 12361
27442 33790
40158 8186
27228 12912
32697 25911
16166 5552
26221 28984
21830 21649
14063 36982
2891 25012
13733 3602
23586 35553
10350 18050
20242 8075
2288 15179
15611 5467
2467 47273
7592 20784
27313 11316
1974 2156
19240 15571
3532 4273
31556 7526
13707 6508
9146 7384
51769 17870
11015 8891
50330 2324
4467 30881
8514 1598
10072 10100
36153 11229
11925 37827
35238 4138
21438 30302
962 20001
8777 13547
25715 1197
833 26198
30267 29372
8767 9702
382 30150
36278 2035
52849 17617
20517 21931
19798 9902
12970 839
35801 5835
30715 14486
17891 61598
25534 27487
337 5747
11744 13729
1407 18394
17764 7175
114 18210
14709 29707
4738 40631
37348 21975
27219 9808
18333 13796
10408 4468
16934 7979
20128 6486
25181 32767
46515 1976
6824 2464
19155 17312
64927 402
13384 12973
23346 4810
32501 12495
2725 9546
19496 26067
31651 20100
29846 28092
22513 27098
3636 276
5155 5624
47184 28887
29613 22156
9712 8396
33343 14351
27502 21264
27727 18948
28214 27984
54328 31702
28191 58865
14768 28925
3997 19711
8935 17932
14122 24081
41007 4205
10207 37804
6255 15790
38327 20538
21856 1367
6050 27736
68191 933
41055 9173
19150 12015
49664 41245
36662 20249
23040 13752
19970 2780
16324 28473
4148 17965
18867 6627
8039 8048
5776 28434
2471 2871
1371 22985
20691 50015
2485 3364
29801 17715
4606 16517
29080 12870
33431 28249
34036 9283
12558 35501
1307 36008
4537 16278
30286 11585
3241 29746
3726 11327
9568 3161
19413 45539
26138 13349
25808 19241
3147 48607
23665 11586
16862 19949
33984 26311
320 36346
3459 2465
53505 39416
15941 7747
8326 7058
5151 25945
18822 14485
1185 31053
18302 13854
23036 4030
33232 25284
19661 14313
22184 6065
21217 7739
12760 16286
33608 31355
25516 7011
9072 49000
29900 269
44048 49137
19725 15198
7154 16065
2345 11295
31033 12244
34752 45926
29335 61070
39196 46499
52906 24094
3247 15982
31183 9932
10275 25295
8276 9277
10179 15464
7641 21501
23272 27161
23642 8241
29375 18687
49762 20132
29954 28995
3920 2872
6679 34001
23147 11283
5750 7607
7853 7906
8800 1395
6429 8629
1292 15865
10363 47936
19585 37523
9322 20221
6882 18206
25051 5223
837 20636
17453 2595
10273 18111
7010 18448
9269 10916
12145 3895
24194 12851
17681 1608
30338 6335
17927 34911
14459 14867
36530 56579
7250 36411
27511 17369
7414 2803
28678 24567
1295 14083
17040 19936
11086 3283
50182 17782
749 23208
14321 61542
14650 10923
10246 9570
18945 5308
16852 5862
23983 10962
42208 14524
2022 18643
31686 9221
18979 15594
19588 22325
22534 60345
22124 3136
8139 8522
66501 28738
19669 4583
5969 222
23815 5976
28628 13736
1850 10581
41436 21835
7954 21932
15583 14985
11611 20125
17837 31739
22259 3975
14088 7784
40772 42855
39425 26741
18106 21295
30693 13523
29166 16546
25431 57966
16879 2074
17222 66309
9206 10134
8113 24
20265 25279
32342 23145
44445 57751
12717 7371
10045 30621
22500 818
13950 9259
13210 18718
22434 30953
30285 17786
10379 7823
29686 34285
11836 7134
3117 1707
22550 27484
17130 3024
14188 19011
21424 18847
391 6651
8402 9008
41877 27603
15165 14790
2635 24414
18086 7244
15831 25134
35459 25724
14215 1291
20739 7840
7401 5741
3615 1377
3075 10062
27384 19712
24794 29840
2699 25399
4119 72
4217 1503
41338 4582
20938 41288
27207 36788
5578 24652
22380 4035
21486 6363
42333 1526
17791 2419
17152 19381
10775 2824
27065 14095
10115 18715
5419 38695
1401 50042
42656 5695
38458 13709
34493 10773
27541 53661
22123 2785
9187 10488
32932 15541
13097 17900
34540 18656
5676 8870
25406 24875
15033 22982
2687 16761
18686 7981
1088 10749
12362 27276
14387 25656
8737 19293
33383 8354
4849 29942
13031 8464
19873 19087
12600 32516
9073 1992
19667 21136
2517 19266
35852 3756
16257 7536
20142 44799
10381 37932
39868 19076
26087 6217
38748 48352
25229 15275
23112 31679
15797 11010
12680 38796
39152 15346
540 50022
15362 24789
48251 4462
41001 29533
22304 3129
11667 15563
37491 11679
22463 20308
31658 48965
18906 21100
3751 25215
8787 14059
7405 46608
19085 39291
18068 40536
10373 9188
8766 11286
3808 54317
3369 26849
5478 34695
37134 3605
20627 12721
34041 56864
6941 47277
29464 18618
14658 24646
16619 8904
16421 76
7020 5377
44157 25839
2168 516
1394 30748
24735 19979
4550 12276
7509 19568
4626 13742
17449 55442
35133 14363
20120 10787
1424 20069
43732 14949
6269 36715
40172 4350
47476 41943
20436 20631
37643 2992
25960 7659
24617 45660
815 10136
8676 18615
26420 9999
14630 10041
11214 6577
51575 30282
51794 23082
28868 35999
23878 13190
10798 18000
25368 35319
21391 9336
48283 9919
3594 8476
19865 26117
1762 3423
23349 27734
33889 20181
34162 11107
5621 9828
10 58143
31123 64245
10737 12380
26752 21409
33602 28957
18860 8408
21793 21169
40646 39611
11232 29084
24375 3570
25750 48102
23423 5020
8081 726
15383 12081
33488 50720
39885 580
21979 40273
4268 10889
6315 9536
19361 22040
12899 32389
28879 3377
7440 8102
10161 44627
20007 23800
1098 34943
8282 12664
5592 8445
18992 7604
4474 14723
36797 29697
16380 41650
2642 9497
26084 10892
4806 16389
37743 1350
38472 32335
33196 31532
41154 23647
2398 36672
29444 14330
13121 374
58871 5294
36071 9449
4755 9420
63856 31773
34014 43549
9838 14964
11598 17521
28658 29506
15368 42618
20096 6431
4812 11681
37203 37645
36861 21814
32100 33415
31877 26000
44 13293
8288 32639
34469 20792
2402 11697
1282 10117
493 1354
22570 10237
6353 22000
5221 44748
42408 34776
5594 17201
39432 25312
7860 37015
17751 15392
7042 9377
12197 8564
39148 33005
5496 20976
16293 12124
2338 10060
59630 27763
17020 27158
55613 14190
24777 32394
29617 30135
14406 13733
11030 21551
24607 23522
4336 30322
44004 12617
7775 5648
23984 14023
16808 21201
15080 22773
8746 28063
31042 4586
14019 20416
3673 10662
16589 32689
48408 42359
18176 24522
42735 6425
30224 38163
30430 19600
16643 38766
43234 14520
7800 28597
20140 13262
18436 21815
59544 1481
15010 22540
18633 7861
2501 11862
18185 15809
1632 31024
15101 18387
10385 60158
202 32832
5345 11552
64254 1005
3746 10777
2854 5911
4962 27612
19440 48579
12709 25192
18882 8191
2527 6801
25383 21510
19209 13369
37747 26865
6393 12535
6796 2532
9132 12139
32778 199
7153 6884
29623 52129
6294 11456
38793 19289
64424 56272
26133 9612
41098 12420
26782 10891
34889 39356
57169 2698
43027 5899
50706 13337
12046 17423
1427 32119
12398 23547
3686 8308
28482 146
27877 16166
35200 14608
30640 28391
13041 18253
497 3698
8873 12844
7924 9446
39144 20638
21289 5731
13630 14677
2152 8436
975 21591
29324 29727
12688 17785
22471 19702
28761 37547
51016 13422
12144 6961
11120 13741
1078 19562
5129 18573
8447 28838
21843 19354
4920 31384
14973 6283
47637 11341
2317 51800
44547 14377
5655 15996
23900 17206
16554 33268
41207 10862
10600 6154
61350 27279
12244 45053
16097 22220
13640 25441
36807 52865
53312 14446
18255 36603
8130 20953
62956 13710
23493 12885
28924 27228
30628 11986
26040 3512
4758 18594
2285 25785
15178 50504
9616 7081
56787 11070
10908 42167
23337 43013
9380 4285
5973 11346
1963 2506
1011 14942
13112 5153
10918 35391
9438 40586
574 2213
4316 6543
1373 4705
11368 12524
7388 25845
1331 28445
4203 21729
726 2500
22034 52241
3472 2922
39577 25126
7085 15199
11309 6140
20164 55350
6092 22025
15786 35965
31879 11069
19893 4480
20364 25167
47943 20222
51039 23733
38689 8988
1443 5653
26682 2841
7723 9233
3317 6012
7605 26058
34139 34579
17162 1842
31680 21483
34059 30230
32093 5214
11730 12677
49825 6913
4844 1935
28821 22001
8864 52899
37767 19201
5393 38353
6244 11499
13988 1732
1490 17102
41651 419
17330 23394
12925 25002
10052 6967
41921 28966
23007 13672
28291 19508
4791 15934
26362 15900
13385 24296
16071 2071
441 11019
14186 24549
23599 8908
2088 3245
21826 30127
1196 8044
10678 18903
19695 1435
19992 19353
41884 21901
10706 10097
8488 5534
8254 5631
628 39666
30146 11829
29971 21190
4155 13184
10886 17898
39875 4685
22884 30395
5593 8523
1891 16442
32466 7953
9680 3428
22764 17502
32889 4422
4517 6441
9268 17405
4192 38778
18858 49174
15266 52712
65431 38441
11112 54726
23127 512
31971 46797
18228 43757
39760 33121
24987 17230
4456 24761
25070 27968
3690 844
23524 16446
34744 3296
28807 18215
11540 22785
15704 40871
25298 13223
13077 1977
22936 52300
22576 13296
25130 49384
16614 23264
22241 34547
663 47085
24444 17073
28915 37718
26546 20986
24683 14430
13897 3829
13072 13857
11639 23483
28957 28928
3467 21160
23165 19658
8748 49062
724 7324
20481 3123
43559 28204
544 29376
13222 4168
7799 55434
42013 6518
6579 11583
15552 23187
631 13753
30574 6058
6276 1080
35946 755
9497 47534
7770 52489
28513 50494
23027 517
18760 1637
40965 35797
28855 5529
12536 25415
28588 23659
7129 14596
61949 16429
2277 6957
28669 9687
19390 39930
13655 11101
28521 63619
40892 10320
38113 1929
37430 18909
23577 41381
22496 32478
25805 14067
25036 26574
16298 50497
17110 15669
19293 18465
36575 5793
31888 5472
29659 44635
18891 28043
3849 4196
21419 2809
22883 25469
32356 61374
16259 34687
7828 16275
13686 5219
26689 10150
10283 13814
7243 42306
18017 37667
5208 20510
33429 6805
18942 34615
21113 27507
24136 17702
40907 21141
16276 41986
18624 23300
15419 3040
1194 14135
4992 23410
17520 23080
40462 11711
41172 10318
43461 9415
21727 27131
11689 15550
16077 7673
7024 61300
12526 9357
32873 37668
25228 7021
12392 3420
34628 29296
7410 9168
39938 15452
17394 53857
19428 58533
8647 4929
3648 1482
22599 873
33556 33856
11350 7156
21338 33637
51833 28603
4168 13725
11498 2359
29756 14760
39434 12283
10374 952
4781 2494
27234 4932
17740 22300
19463 42596
36432 1635
65457 40268
28783 33255
34357 33210
6020 817
25555 32980
29142 1124
26290 18334
47517 25010
16535 15626
6828 20039
26819 2544
35995 8692
405 4381
1934 9203
4172 40365
13776 19560
4031 25683
8570 50321
8790 46350
14800 8653
2145 3346
33610 2533
13826 37030
1609 28875
5329 3784
3904 736
8252 22894
14705 13015
9400 11979
12335 63265
19543 28051
8234 7018
17908 29939
11597 5309
15703 26010
10163 4216
21956 8401
10524 35600
20286 25455
16414 9620
21914 44008
14849 651
614 21539
49396 18846
38756 17958
40479 18383
40594 12864
7709 4598
20412 5564
2498 2522
40702 41798
43680 24716
6409 25964
54112 20516
40454 39574
2824 25887
2919 2852
15189 13318
19494 4935
20224 22003
9606 12970
18063 24019
30621 34166
41235 19420
19015 10490
35446 50706
27662 38815
1247 4060
8439 56375
21195 20744
34784 25848
7231 24810
4395 22670
17968 58584
10665 9492
19308 8797
27012 35880
7597 1072
28826 12209
3388 17738
15566 452
26092 7726
24947 14042
15807 22091
3195 8767
63392 8657
5145 11867
8108 5251
9628 7454
43862 4786
33276 4137
13406 7365
32019 3517
3165 11153
8975 7036
41266 10327
8950 63726
21517 20205
47481 12997
1556 26323
17877 22469
17599 12236
20172 2857
1389 31221
15989 36063
13628 40956
21033 4865
2864 862
17308 13448
5019 16491
26974 5959
8471 15909
33665 9451
7130 25120
5838 22817
14964 61701
31502 10388
19158 20355
45405 27503
40524 25418
34170 3460
10822 10345
83 13965
32821 3706
34687 10783
41783 13554
28167 34151
5564 21701
1806 31276
2516 7220
7620 29767
2448 35699
29267 14372
12881 42144
343 14395
57130 11794
6407 39686
10761 19135
45664 13947
17427 19240
9157 54678
10846 49719
31727 12385
7000 20066
14338 18964
15028 43498
17898 10716
9487 9189
31107 16948
23392 29413
17506 37236
19772 46564
13632 31709
26526 21167
22483 6881
8290 31507
34753 11147
31872 28011
11555 6100
16658 4671
10519 15586
18695 16178
32316 4303
47559 201
5430 43117
5365 22063
18072 30848
3831 9772
30599 3322
45579 20501
14236 17492
39047 3918
27826 13777
10848 41463
11460 10409
18841 5799
3035 13040
6576 30059
24358 43729
29556 7411
4568 34497
1093 6423
4186 9786
553 7157
44284 13878
8930 786
35506 17712
32439 14036
51508 2520
10695 340
14324 10108
8449 35263
65936 16146
1120 26514
35001 35662
28427 25019
18991 21257
6925 7494
5666 4970
969 45463
9598 28675
17719 4217
5026 41829
11871 7680
12096 59725
4661 21382
28043 28912
19989 21523
43360 2186
15514 33613
3048 43106
9164 10848
46721 37821
37054 18741
34998 3717
6108 36801
988 13994
38614 30435
23786 7994
12170 4294
7575 2227
10019 17004
15440 756
1911 10224
13168 27671
27060 1070
2911 4022
16489 19569
32591 27402
19156 37132
28732 3952
10575 15746
4114 60575
4693 15093
28612 3967
35342 8509
2898 21833
3852 24507
18152 23895
15281 23790
18511 29970
17319 21180
8851 9898
34255 10165
12352 14511
20253 30847
15949 15281
15172 10476
10572 13760
8563 21168
27845 11768
1519 14668
34050 30288
17386 38904
1671 23969
27251 301
45132 22875
14747 45840
1791 26772
23231 9027
15173 3253
9334 54342
959 11006
22401 23016
12841 11616
5405 39076
35711 62616
1375 27146
12517 59268
41999 16652
2358 37753
24810 23928
18492 42770
11523 12752
29915 5441
6248 1630
15093 24719
6739 5397
19501 5724
9840 19043
13194 34748
33041 44685
1235 20775
21479 7487
36346 47742
26246 16427
40008 20414
22928 5422
19510 56102
15838 16957
3511 6371
1416 30429
22909 20587
41964 14431
48941 3896
32973 2403
22598 19132
41429 12790
6193 7379
23489 30245
20780 8378
23312 27326
2586 36360
6019 35160
12137 10887
23709 27630
22506 12499
6458 37565
9952 32165
1495 11458
15319 19830
43729 11781
27278 38480
4291 3459
21097 3965
39935 5651
50151 26610
23876 16934
6296 23331
25161 5764
9507 12253
32464 3882
6554 49861
32391 2401
20268 15522
51597 7350
12628 2194
2092 841
2910 4768
10447 34535
46219 32260
17691 56546
34780 22185
10040 18221
30864 15903
22756 2979
53245 11236
9755 6816
23227 23450
52314 16390
10940 29127
47034 24705
17297 7448
13583 4485
33930 21448
40049 12537
28940 31360
52426 8662
20606 13916
10625 10632
35623 29118
48350 23592
24517 18596
36768 2176
38304 8897
15025 26473
4129 11603
4095 6951
38928 32339
52527 3767
17317 4274
35452 490
7071 33929
21621 17462
4277 34106
25956 39788
25578 20691
14176 11037
11616 19435
10051 62325
1020 29843
8270 31767
3265 9521
16058 27344
8185 3277
46321 47137
17808 11864
3403 27997
14984 8637
38134 41686
20567 5871
20507 43327
42308 23340
46655 14996
38497 41141
1997 41743
37708 28141
1670 23952
25324 1475
28035 50038
43275 4333
62225 46889
16346 11778
38742 2848
45648 35674
34938 34945
25657 27340
15919 46341
22403 10525
6851 7544
31195 448
4609 9307
13160 29546
7797 17839
52091 41985
21921 8091
17306 25326
17452 10719
17667 33143
12581 2472
23973 10337
25630 12287
59764 6512
12139 28986
22344 44490
5272 31027
3865 29938
34391 30356
29706 47908
22433 30466
22780 1530
8543 9695
17502 6831
39919 1572
6251 27486
39594 20374
8984 41353
4414 10177
21170 32862
22553 1625
18611 26971
2062 12038
19871 20045
6702 19194
714 1396
28672 14204
2422 2869
11420 31152
20491 26349
11278 1318
31912 32608
35889 14143
41735 15521
29700 4625
24165 13663
21692 26061
47170 10473
17058 4629
274 22862
48759 35486
1067 48602
24995 1387
4500 11510
17400 22786
5906 40040
72719 7407
67926 31799
6033 3870
12076 1493
12659 22733
