35655 15752
672 63062
12022 7683
6538 11872
895 344
4645 7244
35028 10208
13955 35681
22049 36383
15389 1552
16141 40694
53357 1629
11572 11667
43472 23670
5750 18112
24100 16836
4027 11109
13532 33593
5294 11976
17658 33244
30887 24526
15533 11505
39555 3478
14535 19847
3074 9007
24018 2476
3525 14484
25633 19934
3779 3619
26565 799
4187 25487
8420 24953
37793 13323
11935 1005
4101 12513
7729 17292
5837 5516
1128 11968
26071 15136
11823 2155
6526 5794
22585 5443
16805 28138
2936 31629
1417 11091
997 5497
18844 30345
1640 9515
6176 12969
8879 25928
39540 33919
2677 13482
2930 4368
4211 18978
34654 189
22750 29326
34532 37413
22378 15682
31252 49803
6984 13289
875 1154
26799 37697
11571 5037
4894 860
24449 28165
29510 1455
14280 28566
1454 16638
1045 48935
22375 37141
14443 30841
8647 17002
50526 45305
15254 21710
43885 23116
37605 3398
26850 20514
32606 18737
5782 23677
4393 3447
4862 29562
29271 7311
10546 19360
6070 14320
20938 4967
9709 24676
23559 15036
25447 11911
12480 20867
8499 17000
37218 42281
5594 10388
23793 31424
46653 29011
19188 36235
22841 5835
743 7340
15443 55936
9138 12769
12581 36866
18600 2247
11892 28468
58868 1062
1980 4768
4668 19227
13429 27790
26040 17835
8538 34695
60226 13095
3067 11168
13552 30489
12079 24028
5036 11511
18886 37215
35940 19050
10374 16297
52470 23252
20542 1696
10062 11363
17703 46456
12010 37555
3157 14785
10398 25524
22578 5021
9810 26642
9330 16740
6952 3049
8849 14588
4561 13335
133 11912
37275 16256
36918 652
7315 11443
5646 14237
14018 21032
1445 17074
9905 5736
11175 4227
7909 8138
11213 18859
8359 21124
19956 3899
26576 21090
58517 6952
4135 2047
11020 42877
10035 11616
7977 37
21423 42153
42512 23697
32093 40522
13102 17568
1946 3713
19453 10413
8287 37610
42280 22831
4932 8442
30896 30564
3189 37883
13376 20681
8258 28604
5085 13768
5200 17737
45342 25249
8137 21824
12055 13905
16681 22146
7663 6607
33828 13952
20504 35665
12980 51733
12709 6741
7443 503
3770 19616
214 34222
30834 8601
38285 4511
1399 37671
4925 9987
8239 11393
11873 2288
12168 27076
4644 26289
8298 3011
20176 38372
22055 20249
13719 13645
7703 15029
17451 23559
13009 848
21045 24886
12246 14979
16954 33755
13733 23492
374 12483
6439 33730
21256 6940
11806 14157
28111 1330
5407 25592
6685 16942
54192 13039
14710 21192
6735 7796
2939 13696
24079 36048
21981 1298
18326 9316
39111 21239
617 50050
38521 98
1634 14065
22430 16550
39015 11865
51030 10612
5136 6283
7390 16849
10986 778
20391 19952
9201 16544
25869 1290
7491 46302
20421 26961
14388 62536
6876 2050
11750 24106
5798 25850
7015 45090
20381 42579
1684 50386
21046 16588
4823 868
35724 2851
12887 2201
15664 7255
2569 15099
7905 29706
6263 34891
8141 20603
18120 3464
32925 2625
19759 3837
4152 37231
6962 28747
15203 11625
1196 22556
36775 22123
20185 1842
5998 12302
25271 2890
21052 5731
16095 30233
10184 19515
9506 3496
11349 13491
548 4282
7865 36663
1733 7822
40865 127
3098 5446
2414 32874
28710 5448
20078 4050
358 16289
43954 8816
10871 6943
37379 33175
37140 1145
30932 23384
3981 32141
18909 4954
44053 1999
12804 13211
32469 35147
9962 10665
15049 4523
10303 18900
8567 32549
13407 28036
22681 918
34413 22471
23473 2406
28939 23695
5925 30874
3720 12600
40885 9261
40728 39429
16248 6845
7396 30536
7458 21434
32275 2669
58794 18533
31149 52184
16383 6117
26813 1008
27819 30508
43586 17814
6011 18276
13218 16016
6252 6916
3936 15377
44837 20396
2236 18197
18686 7067
6642 17761
11685 24486
20507 7241
43960 44815
4655 5662
29175 18571
30906 2474
25934 13085
14160 7845
48048 29883
23173 8471
6370 23586
9423 18257
39613 58476
5255 20777
12554 25262
11355 5071
30249 4524
28497 22975
37405 19076
14927 5514
16933 8105
2230 18728
1287 14140
4923 24425
51380 25569
32228 30748
49548 36729
17278 9692
30578 527
7170 24906
9233 8978
10115 24264
2878 13777
333 33452
9094 37579
24985 10797
27382 20113
38929 22278
38728 50338
30920 29915
9451 10473
15192 2029
19283 6597
18959 24454
17820 26464
51772 1684
19690 18691
6644 29865
5020 7308
16008 16531
46961 26271
34669 17045
10224 47706
1964 37842
29343 8337
3548 20248
12948 242
11527 17642
20600 7790
12461 22343
11285 4548
20244 8250
608 7265
39625 34649
8006 32279
21012 11603
1269 489
11238 11658
9906 22426
38128 5512
7121 27224
4571 7731
5955 27072
10683 36214
17024 28134
18590 9526
35821 2053
50454 21357
4707 34846
611 27243
37304 4711
6024 20160
3406 27889
2471 2328
12471 8432
11157 20956
47158 19528
30318 10085
20445 22699
24442 32345
23425 22440
39804 63063
37874 18396
33447 12660
716 9771
15827 9589
11784 14178
18053 22537
24135 28665
20436 2504
9522 26608
7685 306
33649 36982
7732 35414
57638 27431
7339 6784
15825 22405
31952 18923
11655 7515
11412 12277
850 18468
34434 10777
5460 4257
55097 5014
4528 9555
668 14191
4059 36205
50339 51021
33371 32844
10894 17698
5066 8888
24406 41859
17139 8926
24123 15109
53505 1529
19366 15832
52027 82
27097 319
12877 3295
44238 40607
14061 21870
25207 9565
17856 29527
11751 18988
25369 18561
21222 37448
12689 15240
1796 9777
37524 2387
2841 20698
6413 28877
29830 12380
31605 3792
21697 11515
32613 25185
16666 3184
12700 23843
20163 30991
32100 7355
12475 21732
14410 21847
23456 11335
9211 23785
17635 35149
7770 6066
3020 46108
18062 23691
41703 17797
17090 31666
8545 11493
15773 21548
15596 10273
28643 20591
22539 27972
8514 23102
20738 7020
35136 36570
19872 11128
18148 2248
9097 26544
23437 11174
46714 11180
14725 28106
34423 53553
1792 8238
7083 32613
43901 9520
9013 8109
24184 6197
52192 19606
32849 20130
23038 47415
5369 20272
21322 27537
33074 3276
3005 8676
21061 5293
2369 35427
9220 17615
32497 28913
949 27038
6051 5141
53087 22240
3356 21520
34318 12847
12355 34227
62207 16816
3703 14909
18581 4187
5640 1733
9055 12678
2686 29223
11536 3048
10665 30637
8314 22416
20831 7573
6202 19957
10517 9614
22275 903
3861 12229
41091 20575
53418 13665
7226 2181
6020 5967
3451 9921
31228 25282
18839 14076
19984 2524
8828 33194
7278 32985
5652 33828
13154 20630
3553 12749
55785 7547
51667 16505
41634 13642
3928 19789
8493 13483
33832 18490
12657 4622
6869 20864
15855 48776
30354 23510
28681 42622
31451 42127
6902 6247
27820 35216
26841 14095
18552 4136
21409 1924
48281 12956
16065 26400
35046 881
9280 30300
31323 10609
42800 9311
11993 7657
10293 1522
28141 11642
2479 31346
17775 322
18010 12502
42681 39951
43139 3241
22984 14436
16453 5359
22732 19898
25714 14391
30796 19791
27245 15831
39357 4254
10019 543
11538 31751
9381 722
13672 12428
29881 39796
16414 20755
9158 15525
8506 554
13347 25326
7028 11606
14408 6813
1723 5129
1462 9789
2970 34153
1313 19098
36370 29505
46566 29232
37892 18734
28125 14764
12636 35690
2711 32519
5633 14318
21271 11863
18935 31080
11372 10056
11216 5400
26795 29564
11617 7819
24689 19689
1594 24812
48596 16452
50907 7837
10741 40407
13065 35267
12821 19636
1890 31546
38998 26955
26416 8562
34709 2355
22852 9132
44537 40840
19858 11943
10170 32506
21457 10357
7337 10821
41099 9374
13474 237
34105 14602
5634 1804
35579 13206
3253 25401
6113 23360
9929 16950
29344 3126
6170 2845
29559 20124
12910 23043
10828 15024
23766 7408
44902 26319
13302 14142
18615 33314
5875 7197
7569 11794
30027 14419
69401 40952
29669 44504
3420 8538
24926 8265
20330 28629
15427 4007
12344 43807
17277 17120
18399 7665
30079 16601
12299 14839
7875 50001
9792 33168
29553 17911
22312 899
13197 21039
3064 1344
29629 9983
24282 29029
14965 7697
26575 17523
4251 9481
50120 12142
16788 48140
2252 4956
11165 37140
38622 29378
13177 5690
60661 11492
15631 36620
1236 14073
2972 395
11056 4813
10563 28395
14362 20118
30777 1672
23709 5517
7772 22042
18382 17259
21815 8
16845 7789
18225 8883
14789 11442
2297 32127
4792 6095
5147 9424
16517 38249
7063 24316
15140 7728
23287 22119
29623 1047
66283 16381
11055 47017
2274 17758
31434 2346
21915 13921
27092 2251
26987 3715
18622 12707
11069 14684
35891 19280
1996 18404
9621 7208
16473 1605
4210 15595
12456 11789
2687 38048
4320 32543
4710 7786
24528 5460
6969 22703
6283 3271
25298 321
15981 1288
21036 12866
7231 33992
1786 12324
3418 12024
6077 35050
34510 9786
33916 13080
23535 8461
6736 14763
17507 8387
25161 16371
26748 6239
23716 13800
12462 38459
8883 10711
15521 15356
19746 1015
46215 5159
23126 402
1802 8921
17069 22626
3304 12801
2660 26077
28863 11888
23748 4621
39740 8594
32057 40621
24963 720
16579 20370
7915 3471
21076 19466
56 43702
17005 35769
3988 12774
3116 1962
20063 10375
34294 23973
9924 7132
32143 22020
4392 8352
9271 5956
4884 23904
461 23970
32333 13525
11510 38644
38048 27095
20124 8580
6412 29767
29153 19430
59414 18902
29403 3650
11749 4252
29328 42765
26252 10040
16986 17704
22603 21251
11528 16416
18361 10650
5767 19994
17814 490
10384 19372
38373 7675
14768 23306
5614 7569
35042 46681
15609 13314
10178 11405
43160 10123
2174 24615
26915 8428
32708 12135
25301 3912
9371 939
36253 6769
34567 13009
11408 23437
10954 2458
41121 34503
15597 17011
26261 10047
30910 7269
53457 20206
35896 9165
9746 16952
13357 299
16228 4643
5966 5551
9051 29686
21238 20667
21480 26384
36956 1155
12130 4245
22765 18335
12253 21761
30756 4101
15276 7765
5897 1144
973 17510
32353 8303
24351 14761
6042 14598
16252 5380
18757 21343
13551 21295
10128 9981
14593 21985
21898 31020
3183 29266
43152 6933
6927 52570
43421 11312
8757 853
22767 34121
18845 31469
5511 13603
36186 1197
8262 30179
277 41269
21292 59972
1586 34025
49799 3942
20128 49052
9738 12472
25877 8237
5067 580
54297 23493
9391 13677
36217 17083
32633 5341
17298 22784
22205 9365
12533 30638
17490 6586
27856 28731
3455 36220
27376 97
7870 7952
8823 32792
8362 17755
46036 36698
30300 3758
21211 1595
31634 19008
53789 10656
17117 24215
29841 47840
44823 20795
11804 10407
14511 60980
17518 6969
7052 33370
17967 1389
9188 5627
4479 57073
39394 29486
14908 6531
11822 14002
24363 20281
2346 6533
35646 15249
37157 26393
9680 12972
5146 13221
24453 24768
7070 4158
17220 26487
3346 10026
43521 7292
28815 23240
6883 602
35680 7585
21362 22484
8912 21792
13703 18125
4265 10978
43935 14370
13392 23127
7796 15798
23677 7604
34322 47769
49774 9223
11577 18407
3544 38656
14672 6377
2411 54718
15722 10003
10157 44460
4802 2857
16971 31839
4050 16347
195 50054
11199 1554
1645 15044
8491 20003
11028 35649
3381 13045
7513 14712
37927 2120
21155 1627
27961 10102
36340 44823
43674 16188
25135 12624
20995 28002
6078 2934
24753 29543
10442 12632
3357 4720
20248 1068
7204 24331
7882 10092
22125 30857
7781 14630
7652 9792
8315 29718
29873 15195
1765 5520
32409 6000
23996 37425
24493 26350
5585 6454
2982 46509
7088 46063
20374 4758
18415 15056
29701 16591
10358 24015
28302 46694
9827 7023
28714 54187
46933 6274
20425 26617
3968 17427
11026 2153
5735 30751
17674 18102
2238 59114
39301 1130
8519 8419
1276 5556
40701 26316
48442 32890
29087 8808
35191 18019
11283 41114
155 18351
29298 10809
14003 4713
5382 181
34853 12496
1426 13817
3219 23996
18251 8806
5906 34662
1657 15956
49804 25987
7797 13101
23733 4186
36303 3032
14210 15876
17589 12106
14831 56078
24761 30086
5336 4895
15048 16500
12645 8555
24003 7626
3593 29103
18468 8730
34999 42967
5935 6131
23081 11280
2477 5033
4414 7478
4458 8003
3793 31256
29804 24068
35215 1296
8065 23766
32793 6436
27946 44376
20597 6935
7433 20782
8340 5108
13851 46971
2377 2441
1416 14680
7849 25814
50675 6347
10337 437
4410 20951
4600 13403
41108 18966
20332 12499
22377 9388
16239 19189
31412 35374
27849 9417
26541 5218
39349 6100
49034 19876
4129 2564
1026 22357
6483 3895
8779 38310
22699 4961
2568 22134
52406 1706
11781 8350
1591 5614
5243 29760
20243 20448
6031 7263
2700 16796
17072 12564
33910 44635
16667 17086
14005 17693
9068 34066
3336 22612
25581 2150
27833 1123
29129 15721
7122 11212
16594 33952
6000 26939
38692 19456
28636 5883
3731 49071
18020 56696
5563 25169
5649 43451
14686 5420
1191 29534
30689 11501
24285 9216
26704 4423
31090 6450
35170 12103
3641 19060
23764 61622
26563 6086
18396 18928
26653 4681
21546 1625
17311 1216
1512 21337
16716 9494
22839 29716
11094 4325
12191 17865
19035 15880
68699 6793
33522 29398
33921 16813
8825 32822
12492 15216
13759 1597
29170 5438
16862 26512
18807 20966
14143 8976
26152 22589
11927 4407
29868 11610
43643 15278
3405 15675
1842 967
22867 9160
24526 20404
5656 10505
11032 24629
6777 11879
26473 14243
20605 4351
9618 16206
18354 10925
17494 16102
29886 45301
15831 10792
298 998
2715 51660
10159 49346
41217 36979
873 3723
22433 11637
34637 22106
2642 7527
2857 1608
10713 22766
21847 5091
31347 7073
36565 6277
10518 30442
3852 9830
6131 18051
13918 2185
35546 5610
2830 15133
10793 377
15139 8118
35359 3483
12368 3088
6418 25548
27608 17828
18639 12873
25427 8404
12307 11188
26782 2859
15800 14450
45314 30679
22684 11291
25138 18354
34495 4989
45972 13969
38572 20689
10927 5788
33891 5049
3349 12134
11272 3686
14676 15778
23981 5538
10126 17869
39960 35457
3714 12285
15556 12037
26757 251
5179 13433
10107 20083
10443 3784
28422 4028
16764 41173
12504 18223
1572 37825
19555 5910
1318 3823
21427 2577
8183 120
10320 34548
32726 32095
28431 7185
5013 35271
42836 13287
649 16027
6957 2024
13098 4974
2490 11149
5771 11444
36912 39403
11616 20419
55811 15970
17335 18620
53202 23115
31054 24980
22257 9896
562 24270
39568 6227
11348 44555
21101 26573
10038 18504
3438 21220
14325 5678
19300 30999
32747 12361
20946 60268
19259 3379
24445 15677
17170 1671
21787 11787
53709 9690
15270 47631
34128 15931
3320 8564
1758 3598
18041 5754
16978 3317
15750 37592
9958 40384
42269 8014
29174 26852
22082 4546
36744 9537
12600 14177
7174 9359
19587 18338
47465 25824
3430 29994
11060 25168
11081 10730
26550 4808
22353 27600
17305 50536
12707 20770
1703 11935
26701 35275
29463 23870
14972 16038
26500 21027
3552 9294
20346 23723
6507 35139
11877 3980
49696 21385
13667 4723
4712 8864
30815 30552
22723 13610
31532 14921
7959 27640
16119 23712
7166 27897
21259 3512
7054 58957
48520 13234
21368 4240
37451 5417
10942 1352
24984 60082
2767 38436
31642 41329
53375 7154
10466 5289
18100 46413
21614 27401
5695 1931
6498 7397
17189 26192
16446 1434
27358 653
10879 940
31591 4843
5887 33848
6859 38891
6464 1084
33737 6141
24362 613
5359 12288
56814 13709
20153 8180
1614 33386
27057 6310
1452 10109
2118 2138
13837 4290
5376 6856
39354 25302
16836 32996
26573 12636
19522 12659
12524 6078
23304 17254
30056 20161
16996 52480
7731 10235
7577 7235
15924 29982
9164 10642
18774 11841
2887 7702
2683 1722
34920 557
17317 204
7507 12538
19811 7993
38494 9499
6168 4522
12934 52069
11008 49761
35955 34202
16668 14534
5592 3955
23775 44817
46868 21165
26546 33670
13561 20319
3485 14
13630 27463
7370 31149
18925 247
7532 8726
16565 42629
17833 5147
37105 40027
24726 34775
10996 141
49844 7351
42254 42722
30208 36347
17517 13893
14671 7797
1329 22437
15079 34051
11887 8934
17830 52867
32829 32660
4639 16941
8503 3435
23039 17178
14032 7173
22703 4259
7808 39508
6937 3632
38760 7400
9003 72758
1403 2249
6819 14726
11795 34464
14306 31377
6257 7531
20755 10258
12888 3525
10582 7740
13729 11068
5979 5379
21536 6806
6264 4011
26049 37787
11323 26963
8969 40742
36435 33809
16627 41277
52934 25500
24872 2832
16623 6077
1344 18550
5095 10456
26690 16539
20731 13938
18973 2448
12873 11528
12870 24757
13477 2745
35833 23600
7704 9738
9788 52477
24300 11017
7466 11989
5224 32609
33353 16650
15654 40446
43871 38460
40625 6220
10266 18157
10678 31173
26735 5170
2025 13596
25105 20198
283 8631
41633 41253
18343 24407
18726 9653
5904 7410
17394 26818
37909 39853
7098 4806
2787 22041
33172 9989
16373 14059
53118 8877
23416 10280
31501 6573
11359 3963
34192 20279
86 25597
2409 33598
39145 3036
20055 4040
22160 31472
8400 46913
33704 12440
22911 25959
16518 7881
10351 44619
30412 41720
9436 60139
18215 10923
6105 17567
5352 8129
12003 18632
33054 6926
6297 20606
6416 6170
3660 28362
28850 12239
37397 33267
22326 9
30454 11202
30260 23881
1566 28026
40206 19650
41440 10788
33228 10005
30534 13908
21535 2562
14416 27454
28767 14403
28783 8435
52592 17927
10738 33181
5801 43087
18873 15245
26886 19104
26974 14568
16747 3418
43582 20112
32090 2923
27898 16732
13183 14411
11497 35073
50457 40496
31154 7701
23041 48053
9150 694
28542 11066
38663 33687
30845 22830
32597 22276
13136 29433
7207 15106
11744 17551
1872 28226
36887 19946
40326 1202
34354 989
43133 15187
15508 42311
4838 11661
5550 17850
9732 31151
10150 9485
10951 5095
13372 15753
27059 2032
3967 35042
36025 1545
56177 23875
1390 649
3380 21617
14826 17605
9441 20504
23717 11579
15279 21673
13780 4794
26972 5332
2480 5103
82 1512
13049 17348
8354 21817
21459 690
5370 11972
26867 6473
21470 5260
13304 3382
5680 2506
7699 22069
14670 41361
6142 29475
34488 29317
18069 41231
22341 25031
19526 6744
3073 20076
22888 8643
27851 11620
22676 8177
218 666
13052 36544
14804 7624
11418 18160
4893 16300
15697 43403
22169 24618
17701 28643
10766 20145
25810 15745
18255 15792
2395 11215
32635 17034
24745 14710
26282 25728
40767 22463
45943 7965
16298 12620
17891 17607
5902 8795
9122 5298
4694 3247
47462 7059
8013 17181
18308 3804
10866 22853
17296 6535
7579 13107
22361 13062
24488 15016
10543 17426
26991 50021
7096 68923
3362 30553
5010 14922
30642 23124
10560 9682
24917 25386
10840 15708
22650 23222
14448 10002
10967 22779
16359 7560
24964 26130
2219 3751
31544 2559
10326 15267
35760 15402
36110 13129
4132 22849
14951 19732
4951 6252
29193 39843
14563 201
36689 15456
1682 290
1922 23536
5811 35118
19452 11638
1059 356
18720 18965
20825 20617
23484 9445
14866 5120
15577 14544
29838 10873
18439 1046
21750 8454
9141 24914
2756 17
29674 28942
30809 191
14769 56804
28657 19470
7146 5134
4275 36039
1627 9748
4559 22054
45900 20828
191 22935
8202 39828
48619 972
9760 37625
15772 45751
28465 20922
26428 20189
36190 55808
11118 24888
55050 5450
43839 12067
32975 3324
11487 6228
3096 21945
1006 30483
14359 6812
38860 16995
6588 6422
4435 12822
13178 4220
3135 4192
26430 3834
27222 18931
5709 25858
4107 35056
583 31497
13066 18008
12165 13654
35036 27136
21474 39760
19703 4495
13281 33106
27789 6379
2627 8463
10575 9368
3423 20305
17952 4802
20013 20095
8678 30964
35277 17154
1751 15639
10788 10845
8042 6946
13021 10349
16572 19016
1428 1892
4285 545
22600 30471
9687 24533
48806 11547
8666 27955
38369 15906
7583 25685
45321 7914
11018 6661
35858 2698
4849 1316
508 23727
34597 33537
3580 2083
22177 26200
34572 42726
20398 16311
23132 18588
10204 22673
14192 12447
8302 4605
41150 13716
7936 2968
24183 18429
8280 4812
17258 5673
8726 50477
32086 34757
3911 10958
23625 47876
49680 37480
61644 8302
25398 3666
5678 38012
726 42632
17616 16969
12039 25504
17552 2305
114 4646
29113 20718
3457 26517
16502 36899
23998 4517
53517 45457
5057 49094
15288 53054
9992 37423
1844 17326
1367 30733
8032 42662
16976 17160
53209 5808
18244 1774
32298 7084
17232 12453
23314 10216
34159 20108
49363 36735
3434 33275
22776 1334
36628 8204
6654 39290
2563 9191
20689 16417
8677 844
10886 39525
18861 3705
52248 410
21766 3220
18519 12733
8770 10302
58643 1953
2798 4483
33551 39941
1409 10141
11860 8986
18293 39889
5060 586
969 1358
37180 6357
19138 29938
9686 20638
43640 26
62671 3237
1543 39333
11387 7037
5790 25488
9966 24495
16408 21083
14187 9304
22050 2510
19363 29350
30861 20022
8657 2777
23617 2097
8311 3681
32832 5011
6782 22872
17061 11147
7286 18617
10851 2408
41843 41193
38004 8092
4138 32999
14475 17896
27413 3544
28253 23521
14950 8362
19063 21843
17225 281
57721 33111
24491 13319
11849 2188
30942 25948
15205 2649
17057 25680
10347 8791
27122 23300
3643 10299
22363 48841
8875 1139
35823 46929
52491 4629
10893 22730
21830 16238
15200 7554
17236 15176
24411 33656
27952 35285
27158 19708
38388 29205
8987 43764
38527 4667
46833 17555
8904 23034
25264 15841
14763 12331
24477 23317
31855 65411
19975 14379
21384 41408
46011 31848
17420 10846
7672 25131
1486 29373
28948 15375
13560 29710
41595 5699
7005 62942
19244 16658
12585 1934
7841 32196
22292 7516
21085 9406
4977 3416
11089 31620
34387 60530
15275 4437
17226 13465
2916 4261
21464 37016
48118 12454
15051 5330
23243 25129
11829 12399
24373 12523
9283 3387
12063 207
4612 11587
32900 8077
37517 38718
16197 12417
29255 36821
15741 2023
2472 60875
5863 4872
11180 12020
14022 4203
12259 37562
9178 10340
8179 19511
3156 5263
12559 19555
53333 21630
13153 22781
15130 37106
36436 16327
29543 2683
8041 35515
42634 31150
5122 22373
25567 34638
1707 34214
31674 25239
20836 11309
11152 1032
16655 12652
27129 23626
22760 34436
2994 21680
14233 11663
8583 1508
8959 17973
31860 31016
24662 5949
9194 29123
16323 6746
18065 11718
39462 313
3022 21587
1197 55002
3478 17059
4724 44678
6436 20928
1114 28500
3513 7867
24966 21101
13213 28520
22021 24556
27371 24238
8543 31989
17290 2595
34081 5023
13277 8759
30957 9716
3109 41298
5672 41542
29020 4035
18664 8575
15502 4406
21055 6465
16791 47466
51870 4858
162 19533
4928 40998
24077 10000
542 7062
31223 4105
12007 14863
33840 4936
16331 2467
3472 13668
26438 33810
13265 13047
14382 8098
21672 21216
20838 15390
15243 51650
24668 25951
32230 29817
4908 2049
7420 16063
9448 5723
41701 19196
39031 8858
24680 22402
12350 6265
1504 5755
33358 2169
26719 6181
4826 9114
2201 3983
4186 6598
41786 17580
19403 12526
14250 29644
6615 12071
30669 9081
6392 7550
31122 35864
1130 2675
13784 32091
24587 15907
10213 35566
1672 17940
27300 5486
13971 24612
11951 20425
26810 14744
28914 6840
12268 37753
1532 30490
32323 15311
28608 5447
432 38221
22725 5374
5462 12827
51006 11413
19947 13131
6036 13218
17661 4861
4032 28711
13382 13296
31593 5036
4867 10946
14677 48616
32286 365
12013 32802
6209 58480
8322 2121
38892 14652
5993 6601
19923 5783
7414 5789
20715 11021
13535 1501
48120 22110
43557 39239
739 23260
15401 28706
17267 16401
11173 38535
12639 30951
22621 7812
10354 16627
6800 25861
6924 32210
43224 10853
41458 23168
3980 15631
24582 12300
616 3898
59523 20626
38444 11922
27125 15664
17479 10795
32728 5467
14166 14855
25819 20201
20698 6834
762 15875
13224 30782
25837 2805
8696 11160
50343 19000
8953 11142
12874 28700
18556 8030
30114 29285
34208 28539
50607 3582
28972 15043
62661 3228
8328 29693
4028 9667
19650 16895
10667 17297
2556 3706
15627 34748
55881 2349
25169 12433
11684 62342
12093 41485
7650 25894
37887 13923
46165 5801
53510 5133
39814 4061
17179 24237
21195 4206
1814 27470
25753 18803
16576 63331
14605 782
22435 28074
26216 10031
17726 31886
43127 9863
36093 12784
9936 2612
15499 18412
36854 27381
20835 1415
41594 22186
19066 19602
5240 32374
49384 11217
3236 582
14195 22902
13334 25800
36811 2946
14933 34824
11115 15386
23189 17895
11403 4012
27520 6725
11683 48067
5787 45241
16259 3438
7789 22331
13904 28301
19168 21936
10614 19446
1227 13920
7671 30468
29705 9903
32770 5408
13419 23830
3792 9112
30499 31819
27461 30475
7492 8048
4765 8701
7160 12022
3042 1528
12201 38926
19027 5471
2963 53465
23978 44527
26615 33789
40739 15995
32225 4998
10040 2781
30926 27510
38982 9206
29618 19765
630 598
18695 8392
46059 8005
11841 30752
2459 3790
4022 4309
28325 24154
68256 30294
18126 34874
29445 22169
23078 19235
4920 23652
22740 1505
22211 991
17085 20515
49074 10655
25119 15484
24605 25932
8974 9074
25790 50578
3688 21028
43484 2224
49834 3457
15136 39452
27761 35696
46410 28023
27103 44130
26702 4925
13813 16412
1656 19007
3161 52545
3577 35283
6344 26176
20238 22140
14616 24332
1432 2651
3778 43140
21713 12735
3639 23768
5472 11805
10800 28132
20555 34541
27696 20936
9722 25359
22766 3436
13316 19517
37021 29017
49827 16721
11395 25781
36943 6841
32784 27217
23815 8407
21792 35379
16514 9971
10963 2027
13575 32376
894 28915
18289 49068
25126 6833
9869 26101
8086 7735
18692 5200
28350 33198
43355 25656
28158 7441
1695 9027
20486 12019
19341 16879
9131 16018
47041 14528
27047 26623
6943 23141
18390 11953
66597 8259
10404 3621
143 11600
15391 6773
34400 44077
597 26706
25308 10670
5812 15146
8496 23793
9096 18891
35953 3628
773 2351
27628 9680
14597 25734
11700 11942
5907 41581
2406 4150
24785 5583
23476 1607
47046 4809
596 18093
21232 21536
1664 5094
51270 11947
12801 8783
942 36457
8597 24961
19515 42568
25454 59638
7601 13344
37613 19440
2248 16
15457 23631
42088 25505
144 14880
17240 25397
1841 24470
4400 16839
20409 3941
35194 22459
25818 3518
32326 27003
28007 8724
8646 18265
21047 859
26659 42598
1330 7525
11875 5346
798 19892
27441 34597
8870 9781
6329 17587
20621 18437
21128 19150
2765 9066
18210 16548
44914 10411
41890 23598
19652 30737
11707 2814
17473 19138
11991 20170
16192 32721
31595 5496
15369 13391
23388 27548
19903 14100
20495 6305
8473 10334
19917 735
45253 1289
6234 3306
3905 23895
42814 355
7191 47453
3309 17145
26873 892
2931 41719
943 23732
6258 48377
28039 8602
3484 13919
12454 10193
12651 7332
14152 37259
16628 13825
1260 42009
15606 7455
25442 31713
2824 42517
3279 1507
8504 27416
10843 15902
12858 22791
27527 5402
17356 17836
7429 4489
5049 14217
19913 12003
28035 36720
10676 10270
2192 2768
30111 511
10246 7984
22826 42998
587 8546
4659 6888
30668 8041
26963 4046
33166 43964
4697 7969
42733 1295
7233 21245
16268 3063
25001 46444
14303 7696
13793 1793
35200 18461
12907 6647
17160 33938
8427 22454
32645 15480
22033 11479
6697 9845
13835 11222
59480 2113
32258 51917
13564 14013
32340 22665
4438 20859
40159 13944
1116 32674
20081 13562
21291 3021
26537 2623
12084 3797
17919 10708
39231 35293
4305 10052
3691 3649
11971 5422
23825 6058
19711 21928
23671 1516
5859 3600
5728 31668
2214 28886
5362 5833
22510 32640
7774 13792
1984 21821
9615 21021
31991 16745
34991 170
31973 36757
24134 26842
51107 4081
30205 8687
19668 24392
51480 10825
5739 20903
42369 38283
43518 14420
10198 34340
5714 3504
18109 18422
21908 32955
1736 8742
14835 4735
27354 28069
64790 797
17480 15987
15980 21070
16179 38054
3668 5064
2849 29339
29855 26392
11909 2478
21431 26825
51901 2849
1499 22337
97 10566
9273 23173
19261 31199
39472 12721
2309 1354
26046 3924
18996 22321
18869 23114
11930 27808
14514 18415
18936 30867
38529 19381
11575 25516
13137 2705
9380 21871
43097 27240
6522 32556
6296 61368
32185 10927
7967 11643
30696 20481
31682 435
281 37037
25951 27486
9613 3881
171 6307
23352 42652
5796 5683
26048 7548
4072 5201
7555 37959
4240 6709
20513 2710
4922 55550
16610 2590
14613 7903
4756 18251
23534 19079
34784 24219
24296 14094
11912 7489
21484 46848
4579 6487
29051 4830
37474 3938
1169 5469
2385 17539
16873 18090
4592 8201
10536 3283
2743 13309
21242 7001
5557 29654
30048 16350
31793 37161
21516 19939
38057 14292
24083 40020
6250 9645
5780 11316
26092 13214
10680 4674
33215 49719
25938 14308
25266 1177
33132 6144
424 3127
24172 21288
11429 23919
24171 50237
8346 46869
14138 13083
44766 9050
10387 46094
16735 46885
16360 50165
1051 26741
21246 12416
2508 11257
25359 5606
27727 5318
40010 3948
8067 24300
22449 4979
32764 1464
38724 24911
1235 41994
27687 6214
13056 28603
268 14401
16139 29707
19328 308
2405 18660
9617 25739
18349 6014
15088 34630
32602 8153
15236 53056
39801 36531
582 3541
22738 7582
4570 51141
3709 52134
32016 31206
29384 12194
648 4200
30958 16210
5938 8207
27767 23023
9761 16341
16818 5268
7654 15009
10469 25865
9859 6152
20549 8755
6687 10084
20178 10598
21624 5984
45978 28568
28271 6469
12409 37349
16525 35011
30953 18288
13404 2271
17895 6665
3368 3802
40418 56192
6602 8358
8151 11057
13728 6953
21200 51665
31456 35773
17368 21229
35632 64804
9538 18049
11193 14062
6474 21920
24109 27357
2035 1284
40613 2809
3463 18512
12495 17809
19558 33585
39944 28608
10131 11092
3673 46152
4444 24260
5357 41923
8150 42602
55013 14748
22965 21469
600 9291
27969 5442
30373 31050
25372 4785
17874 30708
15020 15763
2088 45685
1603 27572
3754 12111
11074 4662
33572 25942
5954 3404
14418 8122
4348 3991
7010 64904
20453 6981
931 34074
46499 33420
4902 38705
10495 25058
7739 57011
21638 11834
27423 4218
742 10806
7269 20991
37236 22030
67061 550
24532 18921
34875 4324
3045 35641
6222 10217
24842 30952
14983 15102
44056 352
29983 4703
5178 27869
14017 8996
7416 13030
4511 14717
24975 2260
16361 13121
13058 37733
15898 30032
6928 250
7888 56138
11631 16568
12232 7199
15444 53460
29999 9364
12716 16823
24011 4981
14716 30270
50631 8159
8083 3389
8878 14295
24516 12299
15535 18374
15738 14498
1882 41765
24507 25482
22727 37712
29439 26206
39321 54268
34876 271
8341 1903
13662 10669
45891 3319
31957 41705
90 1840
66074 3985
39193 23637
5952 47627
2663 12449
24533 1345
11809 6846
2948 15283
35887 3009
8939 23653
27373 3638
35255 13033
24426 12766
7694 38934
42195 24163
13863 16724
13505 7361
32902 11380
26268 5547
49621 9167
20254 4761
5055 34504
209 25385
5084 3627
10666 20921
35045 11523
12800 37985
19371 23906
9112 42764
40556 29757
3230 11269
35366 19327
19803 48
21496 26057
25956 4540
22698 17152
20616 12089
25362 6276
29480 26194
40822 26781
33492 11263
2054 15561
19251 4777
6847 43267
25616 21626
17687 6850
3505 2784
30827 3733
44227 17302
7258 20427
27214 14672
9475 5974
26384 4266
11523 624
6515 58646
20765 18378
35500 32491
21440 17003
20046 16283
31360 6937
16982 8800
41959 13501
7346 20756
1278 38177
15251 16660
39292 8550
4209 5304
19689 9295
4804 567
23528 2544
4545 5224
12291 12656
18696 2712
48182 39711
13350 11255
39824 24181
19808 15177
11426 22209
35228 18224
23114 16486
49737 9021
24554 3762
4179 7099
23447 20443
9883 29154
18966 11568
48 13065
12497 33204
5716 14749
3460 50821
7813 63826
14270 45604
23184 29307
19920 14711
18420 16089
4568 38752
40553 2689
17585 32860
12455 34259
48021 8192
31685 24799
3721 20855
23219 4530
50126 19926
33089 14026
33769 28695
8001 24110
36607 3344
12322 38998
41577 1823
36819 32463
22915 20426
27403 41879
40688 20763
29000 10745
24427 15534
19267 38180
3889 36762
3283 23126
37908 34431
16781 11614
13198 22715
14173 2323
4036 2570
6910 5595
14129 59259
6425 18067
10516 13452
17364 13550
25913 2139
860 37010
16768 44801
23241 31850
15470 16538
44892 16804
21807 39103
7529 10516
15158 2284
11178 22043
26221 25700
9794 32828
17743 44116
19212 31118
26357 28171
63843 4985
25724 24184
15705 50318
53153 23560
43735 4855
21218 20868
32467 19325
4099 36287
16336 43904
346 20478
32964 14366
8724 32701
23452 27681
26545 9046
15304 10198
6546 912
17586 45056
22652 22832
37675 8912
7237 10657
47095 37788
17746 11722
16676 2495
17249 8866
11375 43551
20393 5980
692 18768
5068 55848
4750 12328
17363 7220
9700 19822
27132 6747
10016 28186
21033 19744
550 36134
40850 13007
14501 10984
19173 287
4242 13655
34334 7032
29455 2987
10870 1624
18571 18281
21507 21374
8470 1969
20483 18813
20944 35942
56630 14613
6096 5333
28057 30476
59161 17342
2659 3058
18136 4780
12345 18385
37640 7876
12830 33521
34950 19638
21149 14441
2107 45892
10238 27865
27823 9955
21401 21373
23225 24535
8306 21294
19787 12557
45183 18645
33063 6743
1793 15914
23596 27709
23487 34076
7960 34093
16568 3024
54921 10753
6616 9719
19817 4428
18401 22912
25941 9446
27579 11073
7364 31698
15441 8711
43140 1210
4327 23887
10733 26282
18642 21010
19821 7928
13807 4500
1489 63456
41407 23604
5226 49553
52849 2066
30893 43128
37467 801
38871 6928
10039 23888
1722 19212
26773 14452
44438 43157
23896 8280
1058 38694
25797 21474
30169 17263
17995 14402
30502 4170
14265 18831
2960 33174
2927 14131
7049 6650
3924 52864
19867 13672
61165 34038
18790 30258
5711 712
19793 4606
32855 6125
9297 309
14598 14459
7359 32784
6727 18832
36450 4894
14836 16787
46255 5363
2095 18426
4086 10563
18142 32214
20983 26560
4301 14300
54149 27951
19303 2687
21688 7167
1492 15747
10192 5123
45902 7699
21704 33622
3392 6995
60127 16580
42950 26061
23700 15380
3329 953
12527 7843
51453 11649
25765 173
37910 40532
27468 8874
23903 19956
13976 20779
2466 36599
8139 6056
24551 4966
45383 35711
23249 3812
31304 18697
22344 13673
3038 9280
44603 43527
30611 5997
15068 7076
3712 36516
23738 15776
24294 21984
5686 39898
7958 44496
16017 22107
36769 34289
9622 41888
33131 21725
29074 1365
20742 26479
32426 9799
29196 2552
25603 21907
23662 37185
12235 13871
64209 25433
22845 5067
12427 26969
1184 18596
35013 20633
6106 35286
44696 8526
21641 14218
17418 35310
47986 6625
24005 10409
4733 11858
2444 33068
10231 19161
3954 55823
18703 19149
45852 11456
52083 8574
1338 29709
21063 18486
8905 23676
13152 11845
8398 20548
5315 13831
15588 41527
8863 2111
553 12379
36043 22129
15642 12098
711 36990
30138 32147
37917 23504
20204 22109
37829 5542
193 12730
19279 12981
6728 20237
15085 30587
3385 15144
19762 21698
16749 20664
4502 6796
14253 7303
2286 32683
24715 3332
41447 11010
40892 23221
34816 5916
28149 12263
37915 2989
11559 39039
24723 9474
24729 39194
40751 2565
13033 17763
12905 9422
8274 12418
33080 1538
50794 26141
19921 39319
9285 25765
56094 34860
19800 34668
17569 3444
2964 626
24244 1010
37542 20051
41175 22807
8807 1910
6956 9271
8781 4333
32240 24018
1969 30025
41756 36566
30737 18258
26035 14455
22179 520
14218 936
14791 7448
50045 4864
18129 45365
1854 17675
8599 25754
9867 9594
11011 6096
43175 8370
12963 6392
30054 904
15286 15808
7971 23700
13694 29142
546 41493
38974 50773
12867 14914
19299 9901
7803 27530
8592 26203
11273 21758
17104 20506
510 24579
19457 7245
39353 31583
11103 27880
31397 18386
36210 6146
9802 20352
54744 23031
5098 4743
3651 3311
29552 19058
39366 19192
14026 20213
2615 29144
19823 34611
21929 12714
13895 37154
3522 19474
13072 11365
367 26990
12105 2771
1871 1768
13717 6767
9682 31913
36154 1614
11491 27399
19672 9512
36196 7741
2090 28241
24281 3343
4737 22404
1865 24516
16939 13295
7103 29489
12433 8130
713 26111
39264 39863
23569 122
7312 9151
8266 7153
40785 23015
25608 1172
7335 25001
41357 15911
1533 22628
11580 3069
17503 20798
2171 4929
17202 35324
16756 9525
17447 15590
13297 28376
14766 25566
3991 10919
20666 57175
6017 23509
13085 8850
5272 9713
5891 60744
51219 16994
17055 27981
19568 8188
47213 20972
1934 7512
3866 18121
3250 26520
7998 3835
22075 12716
12146 16390
18614 34204
18026 25429
43558 34955
22079 28583
16258 24702
7709 18867
1356 9722
2601 16906
6983 5234
4917 19748
17930 16241
50377 11551
7758 2903
21010 10093
8112 7945
28306 2270
14661 30359
2679 6366
6769 20241
8353 32174
15050 6622
12285 50451
21806 27144
39511 21143
44530 7932
45498 19247
40021 10169
11413 10212
3104 31521
23794 12515
23446 30143
15815 23682
14200 14229
14865 1765
18905 35758
18242 502
6066 22594
39313 8364
21813 637
34 17663
25089 36618
14175 1162
26815 47638
40571 10690
30625 13582
20143 5584
15146 29531
27241 30339
56982 28045
17421 3469
11950 30356
2640 8507
3306 2335
6867 68244
42453 3328
2889 12818
9039 37612
29473 33422
6047 41846
37720 14746
20085 18594
1625 2375
36371 8859
2362 23849
39544 30026
15534 16691
10637 9080
5059 17805
25722 16506
42906 19844
3491 31873
9011 54373
54 12542
14549 12760
20919 30742
33912 30578
11318 19181
46100 6308
28477 2868
25139 11861
14614 3249
25393 14046
9806 49451
9585 1451
23753 33796
10473 33080
20107 9028
9383 7685
882 9205
3960 24658
14808 16094
23824 33785
7350 16959
7760 31771
9868 31302
15038 10901
27866 5524
2437 20866
3129 509
41982 23761
19987 2356
1904 47126
8157 18295
4212 3263
21950 42861
23616 1080
23359 20685
7173 10779
9145 24489
36185 19991
81 21522
3390 9329
18540 39153
15475 10315
221 30040
27314 16713
16176 43757
10649 22464
8161 26826
18514 2991
1515 2916
32546 29361
3962 32267
36848 1185
16515 5863
23862 23482
2532 9184
6752 24506
10477 8448
26294 16134
2470 19675
47090 29736
17358 48587
34099 3018
27622 45948
21873 22960
1092 10908
35905 20823
3145 22379
7238 7788
1422 30303
7620 45333
10296 9384
2423 29128
21885 7485
33979 8223
18177 22527
21310 1075
27840 4122
10278 1761
21874 6145
6993 4002
19437 36737
13619 11181
19157 17509
23350 2978
6831 3406
29728 651
8876 17613
19630 39987
46927 15274
122 28236
2814 12104
11150 26009
42925 3356
33880 23972
38802 19621
13369 10497
11802 24224
10271 27814
54103 2404
47455 15775
10946 19595
12694 30080
5457 7434
36627 10934
13397 835
46578 24244
18036 3039
5509 28208
23951 39179
14350 8900
769 15852
34635 9075
25659 31166
2008 19147
29167 1253
7230 18633
14206 24642
18701 12789
1551 15416
9865 55671
7745 17564
30877 22590
50810 9017
14608 22282
14715 22170
1414 7539
23526 11548
35324 11414
5806 4038
12283 13960
822 5328
9941 32224
4549 16080
7002 11497
6306 13278
29907 20398
4033 2156
27973 30059
19389 8981
62947 4024
15936 6745
12619 9800
25329 9041
3333 11849
5248 5140
6926 45827
40195 24314
18321 20974
12254 24924
2760 21633
7553 7494
19674 12047
41003 21579
24878 23216
11788 27211
10889 4471
39999 19332
18787 37052
6544 29698
9355 19858
41205 8499
19422 21902
16556 21996
113 6514
1818 8513
65621 254
10797 13913
28934 19679
2658 6010
1042 10344
10820 36894
50557 23971
6512 56931
11261 36285
243 4265
30080 10079
28494 3043
10152 31807
27192 27327
22351 9695
2462 31359
27215 30804
25008 5484
32142 17813
35997 43862
3024 37585
15857 25989
3162 16328
10804 18152
19367 59502
18117 913
47631 6581
18322 7844
17167 23704
43001 7061
4636 21800
1498 20819
27329 7031
44764 22916
863 27119
44623 30162
10142 11432
61349 18413
228 20225
30544 17723
1052 2592
27901 16331
11258 43493
21553 18967
48475 8617
48866 29964
2305 3698
14126 17069
40425 13157
51950 24554
14188 23813
881 4300
5571 9608
18952 24696
1085 20875
13383 10933
42004 6030
40209 37319
4670 14388
31703 32559
22751 8849
14619 6084
34206 4438
39131 10829
12774 5219
2534 14501
7864 15699
22694 3491
21627 7732
9204 1102
4009 16702
32482 2453
41506 24746
20195 7660
19613 12050
10973 28341
40551 38126
12444 394
32903 20930
45086 24802
31884 5687
12194 5375
9052 17082
15190 11958
4363 42079
23839 47964
33537 14714
7928 23786
7850 10849
34630 34296
8255 13407
15767 59755
26045 1165
8742 40914
5883 12778
34396 6983
19602 32813
28286 41015
33218 21035
10884 124
14109 3589
4594 49257
19004 40556
24372 6184
9562 42501
19835 43814
17034 34286
22142 14305
6094 18370
8830 2889
6318 11864
17954 11838
3616 42109
3650 32343
27637 18339
8509 17946
19033 27322
7823 12754
9189 13345
18931 19909
18276 23534
25776 8807
10202 10213
8219 500
15117 18068
11755 13454
15258 51797
14181 25612
38569 334
31760 17035
18564 5928
28132 2653
7712 18095
27332 12578
14727 35872
12124 38276
8818 23438
12227 6097
22446 12586
1615 7232
17255 1460
12101 8102
10217 24319
15046 25953
20009 50046
51026 3470
15428 5329
11411 35620
11745 30903
20754 15494
19388 4943
39402 15672
12970 7924
39648 12751
16404 4481
18463 8971
19743 16606
21698 33102
15105 34347
1694 729
25735 16447
21696 15877
16894 8422
4154 4573
21735 13073
3829 32920
11053 11
6350 12968
35607 14105
2105 30888
2098 34139
8903 26030
11036 24230
28273 10917
8305 14666
26668 25666
18408 15630
22655 46028
55612 3120
61732 25112
18139 43861
34314 3067
20692 6668
46600 43531
3976 16216
11450 4190
16407 20117
40514 46425
19536 24361
9341 3580
30921 14115
17455 13985
10880 46276
4198 26103
7215 69778
19511 30323
17872 3690
30803 1826
2251 1147
33270 16213
10279 19146
29825 20355
541 75609
16686 648
12816 17540
12724 8876
7836 11275
25219 12131
32 22225
6236 12028
7481 25606
6424 22214
63998 6874
8604 1815
11982 17328
15516 7606
18693 375
18756 34279
3196 5933
35588 27554
24095 5031
22648 20720
3629 7889
7 7716
15856 3246
6563 17942
8560 28936
1301 8333
26934 889
21389 28009
1405 1925
1501 7772
5983 21892
33545 12384
31133 6264
15706 9810
37852 15393
16031 17505
4656 44244
10448 29141
35747 13
8831 43346
4713 9944
900 21904
30758 3097
10001 29217
23209 16048
24787 10322
19175 911
38832 3850
28098 24444
30174 12329
32336 15224
16460 24003
8382 29249
22235 1845
23652 7591
25657 17373
29429 3533
47737 10125
11633 30020
2365 27658
20761 12358
17680 14012
31732 12809
28926 2483
19124 35930
8399 24783
11396 4343
16221 6285
8681 19704
29285 34637
22627 9100
7167 26131
1573 15212
24241 3262
29420 26996
7938 572
24182 24913
3393 32950
18035 15757
53612 1642
12177 17651
22176 12081
16479 39786
44320 4688
12820 13644
40305 5250
19489 20456
21816 60332
8012 51301
6658 38325
35205 1720
7476 27781
43348 10036
24962 2554
314 15637
43507 20361
4368 15137
39210 8044
27014 11957
18214 17707
20394 15697
52733 12092
26157 7714
11402 8241
3180 14646
50020 26635
62809 37295
2081 6693
47068 5016
32424 7266
10943 13744
37704 12195
24864 17040
17514 13401
30565 7659
40342 28782
23345 7927
19139 36877
12591 15382
3398 13608
43197 1799
2762 2378
31594 41439
35411 41688
3645 18289
29637 9385
10906 23479
18350 18549
24978 23322
10933 22013
23681 9175
21666 8157
35284 15515
4598 25609
16967 13395
14842 27409
8244 11707
1856 12189
13796 29897
43013 69986
49705 1618
24890 23010
11673 21666
26015 17751
29380 19410
23009 35883
12981 1103
8698 4126
7802 12591
13151 22597
6469 1459
9282 35391
36292 35868
8978 8595
23076 30692
2023 12567
19857 10678
20236 15893
4454 27209
33402 14573
20665 31422
17562 29020
42582 27258
16737 21333
8961 25303
6878 27954
9000 1688
29914 29580
15901 27590
11453 23480
3181 18261
15503 6468
21394 22577
28436 31215
12356 5024
16678 4417
13975 12753
7832 13527
31807 29322
5864 451
29645 6452
13932 4467
9421 4390
29336 70
27176 18462
16977 45
4766 23466
44670 22993
39765 35336
30385 6159
10268 16034
4125 27362
25151 20769
38796 23496
3512 7942
27197 15895
27642 7384
15555 37524
30618 8886
5890 142
9028 34250
26712 13210
15554 13687
28560 1805
16394 17894
46765 35518
12835 2128
14556 2899
28452 779
15698 3695
28607 20835
17685 30399
6677 19250
2587 9192
10243 7755
15547 12897
9311 10729
1232 3051
20569 16625
13439 22710
7588 15126
12637 15698
18976 26195
14559 33122
10955 15791
22254 38737
25601 35485
16279 49206
8164 1119
23691 5944
23283 8293
9240 9336
32652 8722
15053 1272
11741 25923
34182 32387
24529 33892
4020 8176
45633 3211
21652 29809
41799 41372
5412 12425
7407 19881
9337 5001
38845 3626
14153 38648
10965 19116
23991 3524
3567 7063
22974 16873
14629 15496
27725 14315
54372 26975
10455 18973
13857 18250
23235 32055
2558 15150
5855 34945
40074 26428
20517 17516
3488 1989
26641 25794
28043 14274
27157 6669
18051 26037
27022 24403
10095 10564
10251 30070
11037 11219
21002 9030
84 9600
3006 25477
22607 10589
13022 21405
9557 28845
985 13904
19257 10715
6330 9055
34131 16909
22460 5995
9400 20074
19995 943
19776 42939
10248 12729
12712 30983
7602 13429
5074 14435
21018 18582
30661 21483
3535 16494
40903 18282
11098 9442
6914 11555
25774 21038
25187 23339
14765 22492
29346 15659
44392 15094
12491 29679
45265 32094
23784 22954
38006 13578
13465 21801
24051 5335
16399 24876
19796 38412
6744 3433
11296 26031
21561 27339
9444 16364
2637 32652
21279 1313
14690 13827
49163 8426
62976 23028
10819 4783
8552 20670
9910 23270
16084 2902
14356 104
9048 24602
9411 4386
55177 39561
24767 23854
5776 20333
7252 7461
14562 55814
21071 23951
10780 31833
50155 194
26194 18875
7440 1819
1048 19363
8119 20496
1927 31930
18370 3256
7424 12009
11405 14981
10438 1942
33091 18784
18168 20765
19318 22252
4121 17501
4685 44302
1726 24979
3062 45244
39538 1212
9990 12930
36771 10240
28562 7323
4815 28975
13748 39966
23901 3848
17395 20193
2428 6864
8576 30060
25871 23286
40309 28636
6980 10611
2273 54156
26644 33934
15816 7189
34566 19384
26710 33555
21445 10859
12612 6624
34223 11338
18901 1215
13773 1487
8070 2505
30140 8402
35484 10767
46707 31125
34491 18517
32762 36042
20089 26885
395 948
20035 21397
4056 42554
5081 28420
3411 49229
4094 36422
15551 3865
4785 654
53522 41590
24092 1687
24642 7069
31818 20881
32352 44594
23856 34461
39984 14594
16001 3902
54126 29519
17037 45369
1154 29218
30082 43236
15365 24791
10 14739
42535 7787
42170 8948
20711 26241
53806 22087
13905 39666
18543 20791
10844 28809
5877 28620
9359 2061
54121 50950
13879 22467
27181 26430
31609 35181
9263 2263
17862 37310
28218 47894
22115 42301
14711 22382
24263 35421
23531 17066
16839 7911
17504 22523
5331 11671
28472 13023
37044 17889
5867 3001
1176 43035
7531 1656
16386 49750
4077 13292
3186 11465
18294 30322
4286 9828
18102 15897
8303 42090
8270 7428
26601 34987
31329 4862
21973 8002
2966 12339
16777 17182
6230 17558
27899 17398
9768 19690
1264 28213
17776 6362
2909 20100
31314 27467
16149 35360
33727 28802
19744 9238
10567 45677
28522 1921
31168 42549
10784 30244
33047 24040
29310 34377
26846 6663
8884 4978
36886 8763
30408 9958
6357 17843
59717 72
27680 17749
19683 61325
11921 32757
9591 6415
10672 65067
20169 34700
10049 17345
14602 17096
21680 34035
9034 11630
15993 22153
13390 25070
10364 1376
27291 2422
1305 4142
4529 20688
11246 18849
6814 9513
13707 1329
23435 3013
9209 4041
16770 40157
4145 43936
8624 40565
20906 36559
946 37631
8937 42312
32201 34315
36800 9255
2758 15666
17040 41733
11985 14931
19509 7050
7978 25458
20950 49166
5542 2095
7328 11481
14214 20093
7089 12872
9229 26717
5112 23100
16671 34938
38515 6783
42718 20660
8861 22458
42320 5132
5822 35519
10569 25575
64713 22384
37646 24051
11431 14497
43442 13353
23698 37125
10882 30136
19313 4043
15344 3223
11696 14387
26858 27425
18857 37512
16274 6457
29781 34123
33552 36237
59203 8141
21173 24214
15638 2321
24525 6359
12942 13932
39687 32892
3352 481
26271 30663
26167 27287
4358 15074
17230 65697
43624 21989
41923 957
18957 2998
22043 28360
32833 2841
22425 7273
14839 36001
5749 8865
2298 30076
20269 10196
1911 31688
33059 1458
31430 5786
22411 50385
5553 5927
14744 10824
7081 31098
20631 14071
30481 13475
26148 10970
9327 3397
27015 26334
16597 544
28794 41579
14019 10377
10591 25300
18131 18685
14546 29353
9525 3925
23563 4151
57676 30175
32589 25864
7347 26250
5250 5338
67185 39207
5960 32320
27865 26411
26249 42
9642 13259
5933 3590
18501 27920
32238 16218
24746 8457
8109 24587
5034 19598
4852 37079
11389 14270
12499 14731
12060 8258
58405 41466
25643 23357
22927 8774
33283 35125
18951 29509
10471 6303
43153 3577
21016 4899
22288 21939
19412 12002
28247 14120
27791 45748
38605 11681
20790 50257
12349 12375
6640 688
12117 6635
18335 54
22808 62600
25461 55692
37889 15028
2390 19328
7480 5500
25994 6708
24647 1416
5396 26950
4000 11744
16365 10957
27755 21594
23211 6679
19296 34759
40619 15295
1521 9953
5816 43158
34014 12177
5134 12304
23801 16424
43510 9784
16260 5569
1784 4584
11562 16031
12157 10561
12473 12539
32411 64790
8194 20544
9921 186
11022 14678
24659 36733
26293 24713
3266 619
22397 29062
22286 34912
25255 18584
18778 35415
4443 24004
18317 786
3294 13598
44175 16123
11066 4815
4666 27891
5094 31585
8838 9567
8591 35365
2426 6994
17809 31340
16066 25189
39159 2926
13521 3922
1730 8613
38150 25170
9583 10088
17406 11042
7949 6700
22541 12645
6772 20787
29597 11171
285 12451
22690 21841
23932 21088
17452 14811
17529 9978
9825 21191
671 41649
47529 5353
6073 39701
3867 18436
24684 13510
4822 41574
32776 8190
17988 9252
13756 33547
38754 23795
19343 34770
27764 13351
43662 8349
5676 27940
27610 23780
4999 7563
4624 33647
50102 24773
2127 12053
52664 22990
31305 2041
16651 22124
19311 145
13229 11715
19330 20784
16474 3662
43247 1385
13323 43148
49832 246
10360 27813
1968 36816
6804 8700
13446 15336
365 17601
1217 10250
16604 2197
8437 35440
21425 41214
22881 917
19276 1531
27619 24739
20002 5151
13781 21377
61309 8068
17060 12628
31848 19965
30666 33642
22901 10828
17222 2170
25210 15418
34080 39162
56957 53594
10781 3561
1978 30278
42325 43318
4654 27996
8104 6711
3891 46301
9534 17075
9181 13315
15873 24148
9033 14540
17365 19287
10024 12553
1223 1204
10677 33831
26341 14643
13937 48017
19228 19747
999 22811
41389 23553
7941 28982
13285 8373
1125 17129
3563 25549
30771 6724
2348 19125
37005 19289
6335 8630
23670 26388
212 8491
55239 51828
2083 19423
15164 6394
41396 9166
15111 18644
8793 45959
7295 11167
7975 4575
8156 22775
32076 6949
10294 19468
29450 8683
13769 18688
20006 38140
41583 47105
24811 36989
10316 17819
22302 54362
30964 5427
60355 15540
13466 13457
38890 2620
31611 9452
349 42465
33094 17399
2 16481
15015 4603
25066 13190
3923 6439
10422 31512
27394 14940
10313 7111
12143 2588
20443 49180
8729 113
9029 1417
17825 34693
26314 7653
14982 18566
8985 4117
6982 24436
3920 31827
9751 17028
21838 14998
7785 44255
5233 41195
38260 17037
26238 19855
18895 8570
14330 18046
26196 10321
22074 1017
10489 9101
6093 16971
28779 22745
43794 20576
5097 9547
8486 22356
13074 18694
13459 10354
55962 18736
3416 1407
4055 6017
42904 31738
820 7148
6528 23162
11388 2532
6661 3414
3771 8187
37212 31785
13345 4839
26117 15612
22139 20703
15769 44705
31865 7711
37683 4411
25963 3914
36237 34946
14611 18435
29299 15542
14783 4286
35030 36868
9844 13160
17866 51647
50327 42917
16193 65241
814 34942
6397 37247
22777 1120
28258 20753
11626 12493
19178 36483
4752 3033
9498 1922
42587 3984
28652 22539
48840 9129
24168 11041
11277 9676
1669 11983
23475 11790
3518 24842
12387 22121
21314 6685
780 42105
3839 18641
5872 3568
1021 10301
17582 441
520 45584
20240 19932
48206 23607
13269 39670
28455 5541
16099 6104
4616 27864
23306 27821
13119 41252
25939 1669
42622 2254
28017 29778
14331 20212
7357 8133
13420 6805
11688 24520
19766 4510
14684 589
18542 36529
14884 7211
26955 19304
25250 29948
21667 1902
17269 25224
8344 9590
21712 31348
32119 9344
20681 16221
21014 19758
6280 15790
22796 22393
10615 9597
15070 46706
18173 920
7684 15765
13891 21358
34864 984
4150 3931
11502 10189
58476 3506
10195 6442
8867 1323
2980 3082
15133 22197
39937 41616
6826 19743
30154 35312
30783 405
9670 35300
5651 23494
46588 9130
6059 19756
27278 4819
9719 39284
20442 25837
16118 24137
6731 9194
28801 6770
10911 34409
21466 16146
4774 1411
71130 2499
32042 22457
24851 9994
31829 38666
11733 2087
13818 33710
36894 13329
26521 23272
19844 51602
26903 17773
2323 9057
1961 30167
19080 21390
1876 8200
3520 2162
6619 40241
4754 19974
29465 12398
18260 63055
10023 15806
16036 12485
34311 5779
24665 8568
6650 75068
17392 3819
7955 16693
26263 29042
13384 2192
27733 40822
35099 52062
30492 19329
36676 4951
16166 28248
36394 8960
4248 19420
8750 23539
18057 15919
50958 15307
20350 29077
26412 36362
31297 612
24395 119
14399 2539
8223 21064
12306 45739
18080 2462
34894 18312
8814 39337
4562 52409
35222 19753
43136 22785
23024 495
39234 13113
24067 25493
13990 21015
19583 31642
8332 6396
30977 35621
29237 22789
14387 276
48707 6821
52128 26543
14890 30207
41596 922
23877 28332
16384 8220
22907 33043
14043 14371
58244 8512
21982 43429
37399 3102
17273 22419
5974 17610
42638 22141
39745 13368
8371 8520
125 1587
26142 282
39332 23788
1989 6069
30682 17324
11762 29439
4793 22206
22821 1412
29073 13637
9425 45425
20047 22903
8635 7875
5434 11747
5392 29421
9367 12307
59336 12160
16622 10851
7554 7170
2254 2278
11956 5915
40692 26365
18659 14912
15991 1828
15289 16908
23034 12010
9736 4927
8810 6021
25966 2444
5951 17625
559 820
10842 16320
8044 9283
4772 2709
38873 21675
27975 15486
15537 1414
13007 52357
3799 28160
3193 34580
11845 8468
6134 9014
5063 4312
6786 38427
28549 4354
12931 27827
28536 25475
8196 39610
2123 4759
4350 37833
50771 29901
3099 23144
6516 7194
28994 14705
8728 31540
44469 8283
38779 40327
21669 63499
17026 1183
33642 6342
32014 4949
29906 25787
15351 34749
6290 29203
9610 24218
34626 4697
30681 8269
38694 29526
40297 1829
9061 14089
11701 3186
15610 14326
22108 39833
15259 10951
15793 12522
22272 13742
20781 9825
17617 15446
12598 28018
24208 6189
39014 53859
41620 4319
28451 9936
14596 7466
6410 18113
3107 10871
53134 44006
13858 7646
263 28588
29584 880
15785 1372
10239 14867
10861 3020
27031 14662
31473 13186
59796 14113
8475 17010
17560 17144
30510 1261
27427 30384
23023 13947
6191 6243
23686 17798
177 31032
19098 12727
59506 16763
8477 36605
30305 6301
9987 4582
10816 21791
22234 29555
14509 4684
21297 12464
9182 749
11378 16376
30963 7104
5334 14718
3396 22452
37043 9309
1286 374
18563 36792
44567 10607
48691 12937
13522 55031
27612 34108
5556 12948
35714 10105
14570 29700
23074 48549
14777 29697
11663 42272
9953 2374
2691 5204
28747 14171
40392 12543
31735 18839
25002 26607
35990 25879
5186 16088
5615 28912
39480 1258
44819 42733
586 39779
17946 203
28430 7116
7478 14440
10223 27862
8113 52746
23660 5869
9135 1777
49310 43302
27191 16991
24430 29635
29974 29523
18963 20165
12686 13372
454 33909
30850 9423
11228 3817
5100 16603
45734 13427
6372 48615
43591 12216
25675 15061
38826 2264
25387 39450
27230 23775
2837 7513
15461 4463
6948 6545
7277 656
12195 12594
8097 11536
12713 8893
28004 2109
17466 13683
46048 3352
1589 5647
11602 2765
38626 17903
8049 6230
24004 2129
41271 10469
9053 6094
3543 17101
25030 4138
28134 13585
27627 12927
16820 41087
13309 369
22619 58775
6285 3486
25007 64199
35462 43481
33605 18917
17598 35165
24103 41039
26245 31394
49170 9219
680 5871
24435 10272
51134 3788
42772 5148
22226 24588
51022 37864
27831 22592
18460 38681
41589 34635
51913 29761
11061 1920
1271 4388
11583 35592
35950 69692
59295 6947
21003 11140
6195 4095
128 17239
28086 24977
51546 4313
20494 14027
13727 41132
45854 10759
1629 13889
13354 20734
14012 31961
19209 1831
19347 851
13343 4716
32564 64212
24107 7392
12998 49762
5844 5054
22611 12889
27126 20508
15564 1387
7793 42752
12601 20715
30 17546
7993 25859
28188 24165
5032 4620
28097 41401
15248 21606
5163 32038
7747 14539
46026 1087
41157 5750
512 63
11440 23394
26016 16608
13157 4818
910 12252
37591 24517
3748 29821
11774 67231
14390 17389
26778 9954
21637 5768
22729 15607
3790 30873
1668 15319
2591 9019
29779 39169
6087 19068
11840 79560
4296 57495
16004 25971
14229 6500
4701 15574
36002 54178
16927 8579
48963 17765
19564 31859
16136 20141
9409 3059
23532 15477
11147 21371
4753 16377
1932 25242
10808 7801
32443 1996
13430 42610
14479 24656
14162 11520
10982 22306
22457 18315
25686 6312
31827 24523
11039 60352
8601 4738
28644 7322
10017 40843
524 27796
22737 34090
45439 48448
6554 2704
8539 27999
29530 9426
6342 3789
9354 39049
3268 44443
4093 4350
15931 1448
26255 13816
31174 9986
27776 17303
41774 5696
30216 26049
9334 11631
1609 1174
9755 26233
48701 7036
13669 3016
10269 27910
4126 22143
32081 3169
2028 38257
49089 41931
18103 14838
18014 19696
8093 1820
53952 4305
32993 56916
12172 42860
2766 42490
44851 13847
8325 13261
2432 14030
11522 16073
6830 29069
3467 28875
4637 18959
22070 10049
25201 4100
13184 243
15432 48475
8968 36471
43006 27300
10887 3720
39339 24053
8584 12566
61480 33786
10076 14895
15751 13077
4565 111
1907 20971
7596 49703
15235 10004
10416 13379
18163 32580
2885 25356
47569 19077
20379 37470
26918 2397
50392 26347
12147 26532
41605 24197
35403 21053
2338 14313
13484 16167
11047 4932
57590 12958
3897 40156
21092 53046
18454 7921
194 36433
9431 38260
6834 9655
26143 63185
10702 16007
9710 21954
33895 35290
26099 6588
13386 23358
22429 2099
18229 7673
37205 15252
2419 39554
2276 10605
46513 16529
22396 36827
5561 17179
1998 37919
3931 16806
14374 9396
2947 31155
9247 66622
1340 222
49216 9715
28159 1324
36802 8940
18006 2457
21091 4301
687 3493
10704 8096
38789 13862
18265 24934
4690 18
18707 36786
1584 13656
14435 9558
72845 17244
19006 2219
46628 962
351 7874
5019 10366
26313 29599
15670 25382
4494 27026
35090 17272
44071 8019
6638 4519
5765 7337
13031 49638
17644 18494
10907 3517
5006 17171
32729 23048
2051 7607
23429 18001
10414 33596
13683 3023
20076 7666
9911 28351
70220 6599
3222 42850
16814 14728
21167 37300
27978 10947
19584 21819
43854 25479
551 32316
51731 18410
44534 26760
1257 13828
940 12540
3833 30555
26161 13977
21138 32907
47774 39826
9155 28709
12582 24241
1523 11427
20941 9241
19380 22305
8417 4609
47162 19653
10782 25232
28504 14381
35765 35410
29169 77823
2243 3800
22496 26281
387 11529
14800 24198
275 1425
8099 5475
19572 8605
20823 29627
2265 5942
17723 47
9834 9824
1524 3139
13122 38446
40258 30779
47070 9767
10651 47493
34941 27328
21994 55291
6052 26466
11855 9240
11517 4739
16621 44790
20342 6482
36465 1952
17763 14267
9228 26285
41883 48240
52040 11452
41429 29119
21332 3782
7775 29981
20312 11757
14248 12102
31835 4241
24748 26022
7181 18861
12224 28490
14854 19571
21557 9292
10208 15576
11496 1994
8535 11307
10795 3042
25723 1987
19982 38972
53582 27958
26676 7871
16783 18899
33122 1809
592 2541
2135 17110
475 1653
35918 15210
21369 15758
5885 19793
11648 11679
7039 37626
48723 5184
2499 21795
9503 11015
13922 21678
21040 4009
11680 33467
34614 59155
22500 12
2997 5434
9474 12283
41120 3415
18629 14897
21066 19741
26814 23131
8252 48150
3170 31966
7868 39912
4825 54199
36982 47906
37527 37198
21903 15731
18740 23336
7487 3451
16429 12837
1659 5737
57780 17543
41214 10820
12697 11056
1331 8267
55688 3928
63456 7357
30635 465
40546 23138
11926 3873
31625 61741
10950 13071
19468 17499
20649 2091
21542 46834
23458 5716
6917 2179
13848 4246
27937 13499
6406 954
26530 16227
10877 40452
32844 14103
29581 24151
6862 4657
29357 499
15207 24291
11110 20252
9887 12298
6411 2925
3578 25371
23334 5282
6617 26377
12631 42271
1910 34345
27779 12345
19754 27836
18135 1510
19277 11512
36484 21184
46706 40480
23451 4541
7807 21404
28864 54770
44718 15744
21789 24698
19594 457
953 4283
11493 31123
30614 33515
15919 33561
33914 23054
55697 26042
20272 13276
4283 20538
11904 12501
2759 28757
5298 10818
612 7477
2185 34388
24835 22901
26671 24938
18047 27048
54743 35383
31877 34401
25170 7202
3781 10194
17070 14508
16637 34367
12410 2200
18233 4514
8948 11813
16510 143
9062 14734
9847 9182
11138 17882
6941 59142
20056 4449
21190 14689
32304 19814
29278 17541
17698 3874
14809 33565
36980 5937
33617 8194
28708 23649
14526 42941
15584 2074
41022 23601
9143 43449
12216 18254
17984 2750
14500 50332
35998 2762
16988 8305
6775 3997
16532 22941
17707 19418
777 15079
15420 9098
23726 42245
15442 8116
21327 8641
10796 31440
13986 6135
9113 34928
20396 35172
2867 11098
34957 54509
11164 6596
12290 19115
7948 7824
34738 13784
31043 26122
33829 9557
32114 1429
10286 25594
33755 1570
9780 8821
466 24727
17799 13485
5458 14871
10855 28924
1874 26942
8245 14338
36222 41121
38217 16935
32389 27160
11923 41220
29238 34683
14393 30741
6270 32145
26394 4311
23813 18611
11486 6555
43818 25568
45556 9819
50404 6753
5358 16540
18072 15227
6903 11300
56270 5269
14063 8420
5691 10514
18854 33812
5077 29606
45416 20416
33752 50903
4984 63779
21694 10892
23827 2400
35426 48904
12973 9885
605 18196
14802 27148
20684 4810
42797 34301
5121 17806
4898 15527
8018 15408
1781 1474
10576 8004
2294 3554
22824 27366
41617 20411
31852 23484
11856 32868
28979 8496
7069 15873
44179 10920
5177 11194
33764 11150
926 31486
6455 4403
12407 11416
18585 1447
7066 37190
33465 28073
12116 36382
11679 18692
41618 5646
33436 20878
19019 4918
1837 5774
53935 19811
13067 47390
8902 14992
8996 15256
9793 679
1839 44064
6049 42050
35075 27050
6207 13462
25377 15260
15410 6503
20156 10444
34556 35429
5698 2790
75 7639
8392 19597
3182 4792
29780 31981
16183 7085
18345 24647
15620 15751
34134 13060
14675 10531
10281 18362
19050 33590
40580 5165
36621 14945
15106 4125
34885 29550
4848 18710
40944 24426
16587 6687
14495 19949
29461 7482
34499 11108
2183 2040
50663 36835
35623 4233
3555 26612
45747 57879
31161 5989
21715 36513
26018 3529
3419 2950
15014 12899
12217 4506
632 24014
44591 42615
1776 24178
16727 35498
39189 4384
16092 10200
8664 43844
11603 4029
12787 13151
25423 16415
1546 1307
16647 22031
6287 3479
28589 2955
9701 1837
3255 12709
37873 23561
27958 1811
10723 10452
5644 39149
11327 4326
12326 14899
337 3062
15287 1327
4222 11319
44689 12568
42759 5312
24463 19578
5671 5814
4295 20399
43300 9998
9255 20879
8720 23726
5707 24126
51402 10328
8954 12940
3562 5478
5310 9780
10659 1468
8336 29349
54058 42264
7253 10905
2232 22924
19899 30833
33276 22015
14296 17461
7275 15396
5858 2126
33991 7268
2457 52815
10118 9849
27720 15491
28104 12643
38736 19179
15842 8803
22551 19778
9903 26861
33490 10406
47112 27388
4634 38650
46885 14031
15364 15746
27728 47944
3040 34165
18132 13532
45773 3065
4162 11619
3906 24818
1095 288
12643 9401
12210 30810
8235 4897
19270 12574
27064 35709
26958 19319
7561 10636
363 16442
33901 27015
29260 46052
58502 1134
16840 23701
20767 9458
1071 12191
988 7633
4686 665
3685 25393
12075 10178
13690 25957
32399 21141
6657 11315
8242 37546
8744 9740
40383 54022
1875 31164
10065 9604
3367 11242
11600 31285
17012 10638
36589 14724
6541 3255
27690 2411
14157 13244
2418 9065
7413 25525
5483 74462
16220 29229
1441 28031
3280 47414
15782 10507
14728 11053
49903 29975
30078 9839
23841 20344
9087 24804
7614 8679
23791 35110
696 32666
22398 63756
3515 33355
31466 36676
18446 8880
69328 26460
4863 607
1666 13164
18330 9478
10147 36843
50764 12320
27076 18285
22825 28590
4514 32969
3857 590
11929 11277
4882 45082
14481 9256
18331 7110
21745 23907
15614 20024
1310 3996
3921 37921
15229 17595
13603 16267
27225 17608
12339 28556
24189 19218
29699 16295
1393 27696
50759 42265
9649 27465
46 1887
24482 10773
30313 1596
42247 13110
46049 4635
26851 16403
29663 20900
4665 32591
33511 11969
34627 3200
16905 35045
24831 6548
54370 2970
21889 12845
27737 6200
21519 12802
42817 11531
8094 47048
21611 26978
33746 11996
7609 38171
3653 10723
24621 9588
20883 26962
22065 19916
6481 11172
2326 1780
26144 839
11639 16333
13013 16023
33506 10602
3091 21164
10779 32690
4473 7848
7171 28722
12297 15147
6025 39035
14226 12589
17655 11328
31290 14080
5366 7598
34543 4174
8938 2081
5936 11144
17324 9760
13927 7519
9419 3424
31315 5537
42773 12550
22145 51765
15700 6008
421 19942
1554 19672
2221 19568
19737 14964
44061 27288
20167 10679
16868 8666
33903 423
53572 23757
1975 5149
37791 11740
42592 13845
23386 30567
37339 10929
1206 10343
7432 16085
3011 2141
44625 4730
26133 11366
27151 9431
27140 7691
11963 29788
22233 8697
13645 17200
22294 6261
3600 16170
36345 17121
148 17530
25382 10289
35430 39278
40446 8953
27460 12865
3507 14611
28727 26171
1401 24363
7459 8882
32223 24079
190 25803
29431 12738
34328 34652
12735 14516
4512 15657
17983 44995
21736 19489
18269 40300
33095 1699
250 659
29364 45150
2957 713
1077 43883
17702 52607
8388 35814
35472 43354
7628 50131
11480 34240
14380 33367
13237 14694
11777 34205
52210 12187
5047 39350
43499 34381
19264 4639
35281 19107
18706 33006
34737 12482
10395 12176
2124 29972
1136 18477
6135 5217
21944 31071
17370 55055
47868 39407
9510 17913
552 58420
13670 1127
18432 3729
2527 19816
6953 28903
30660 17776
47757 50005
13666 15443
21645 4624
15543 9026
979 21277
10010 15357
44363 18336
13162 13542
25920 7518
28737 24998
9875 41325
22329 19082
17067 21777
28402 4533
31931 16929
19185 17005
217 2065
5799 29838
15921 16280
34729 3648
10048 17524
8645 12571
18279 30805
13299 6122
29035 19751
16280 16437
40460 18389
8396 7092
38686 3361
49756 41262
15929 8106
43208 14358
17166 27970
2306 13854
10135 2614
27189 53982
3475 18987
4717 38393
8653 15748
23325 20579
7844 27918
25843 2259
20354 2822
39198 9906
19356 3604
16362 21034
7730 18382
1977 549
48697 35723
13388 14458
13340 32189
26316 21544
28899 30900
30118 23423
15662 25108
5026 33369
35217 213
9331 34112
4079 19449
2445 10760
24793 20255
18607 24157
1466 960
13616 65674
11900 32911
20516 35595
19596 26159
38367 13852
32802 7147
7106 68541
41344 19573
19527 23030
27438 41192
27355 23585
13752 8401
21204 37885
6429 8460
21127 45092
6177 14439
31815 24585
14057 24679
23275 29211
6245 38207
5832 10603
15263 5258
1448 9173
24366 18764
28695 4410
44700 5605
45238 51503
29875 5050
15883 4292
5820 12921
42328 22114
22034 33928
5482 68756
17021 5813
23264 17599
8462 4660
20407 28457
6248 35586
6069 4071
6432 3330
29061 16801
32535 8110
14343 39488
4326 3757
11287 21634
14603 14257
9365 18259
6549 5770
18170 38617
2475 37694
52794 6536
10258 3668
20067 9652
45259 21382
10534 11712
2448 7030
10544 24240
14082 11384
14678 8725
21050 45640
9550 14361
25420 22575
665 23150
18669 7918
770 47139
18711 35053
28944 23036
19071 49672
9705 7369
22993 1494
7134 8235
22310 5621
26916 44417
40537 4353
11219 16887
9125 3597
30281 20278
54935 37033
34038 2379
35707 478
16619 27031
17192 13664
14554 34523
15484 29210
35237 21353
64322 25603
23817 449
9507 15862
11800 21697
33183 20348
652 24778
27085 27589
31581 30363
24738 19396
1721 12723
11041 47153
18388 19114
12784 9798
2656 37276
2922 30611
11668 15226
12722 17557
32371 15090
14578 5938
161 12667
4899 28340
14960 1126
47740 25654
5985 754
18247 35922
53276 1561
8746 34653
36380 12771
54052 17460
45879 11973
28696 59611
3992 35733
29414 9509
3039 38624
16739 53921
8841 2186
30500 26812
30070 13040
10321 8793
15826 19686
32215 8372
22212 53
50718 16496
7022 17466
16463 3075
5737 6298
18956 240
50179 14263
14527 10384
2036 9809
21502 27330
13656 16919
11997 68737
19170 49895
23165 31005
46696 22302
15665 1690
336 21403
32620 28343
3610 44398
29345 35820
17015 15189
9666 10622
17199 35808
51105 31277
34324 34515
32628 5186
14871 27659
29803 21144
26041 3570
11183 37439
8950 7501
13182 28771
24016 23303
24612 34796
22495 7371
32551 6653
49840 21224
9878 8173
36502 24352
14432 17928
20723 3712
19863 12775
41215 23528
13770 10131
11766 6190
1678 31079
27616 9749
4492 23471
17717 16378
13082 9138
6313 4591
14059 20826
11717 14575
12158 8889
39943 769
7454 24769
8809 23885
29150 32845
13599 10617
4204 16062
11012 28401
10488 39118
26276 37097
8908 31099
25501 4066
26540 9093
7947 5113
47505 18455
20876 27471
621 42786
8413 907
14564 29770
37095 15596
8043 12462
35405 41881
19494 14514
41367 44724
59466 9624
29915 18700
9030 4260
4144 7818
34290 21609
18016 59646
48927 15186
17653 17839
1630 11304
19896 20296
41054 23948
7544 16770
19533 8933
42274 14025
20039 1850
29566 21880
9010 34433
17111 10941
48390 2237
25157 8167
34887 18687
55370 1436
21177 951
14103 18865
17000 31305
2829 21497
54914 37989
44518 29585
1174 17023
215 36911
12658 26927
32713 26649
22811 43006
38014 16053
13737 4542
1478 31141
10700 7852
15465 48278
15548 22446
7817 34826
26543 25368
6185 15053
38950 8585
23574 30690
33481 1314
31780 32648
11404 1357
16366 22104
2169 20159
3556 39137
10014 44931
16293 18190
2060 16829
6295 24835
27098 9539
16834 1718
23665 32803
9513 10158
4739 42269
25396 25207
5752 24935
29801 3302
32071 5283
24750 12429
24781 24551
14637 27949
46144 11232
3742 26133
9634 6628
50568 6713
721 3652
48837 15603
2929 58452
9447 36810
1667 31261
25644 1492
20830 39360
46783 15882
40731 846
27232 28173
7321 11133
12560 28612
14881 43654
16476 21526
23471 15954
15380 14385
30770 40261
27028 39633
26160 26283
4382 40697
8553 1957
4007 37696
19623 22817
28065 11964
34995 3552
12262 39184
8758 15287
44315 35003
19135 19294
2747 21552
8323 22644
34878 2022
4390 566
40043 9106
17323 22066
29847 19443
13958 8377
12854 2421
25504 52634
4465 32923
5999 12935
6574 15730
7969 11256
19779 3896
31960 5738
14077 43990
182 32227
3559 5294
26592 1198
173 906
26109 21812
14013 3959
52998 16912
12295 68645
7495 48509
499 50521
3738 8181
12695 15214
8692 31672
6391 31196
43283 34603
12778 5955
7884 43195
19936 17445
6966 10686
15060 14993
32623 373
13038 28813
16378 11330
32536 37055
98 15865
4313 11048
22319 6605
11294 37285
26192 41468
3795 1527
35547 44473
3860 35546
2080 17527
13833 8084
13735 45715
51059 6658
904 18434
12114 2172
34998 29879
1706 21930
38393 59429
22763 6062
10661 39692
39990 893
7126 8012
35981 31929
4345 38251
44879 16302
36750 33008
18377 14989
7951 3994
3079 8202
16468 1029
1463 33361
11319 10341
26743 21328
26243 22895
22321 1915
10343 7870
26836 7669
23282 16899
32686 9427
31928 14767
16903 45871
30946 41047
25582 9643
5833 7849
30717 24369
74 6354
16709 2702
2307 36186
18380 23199
19425 34537
18298 19958
23539 5305
5069 4774
2990 12355
30732 44521
35657 28597
42984 21677
26497 3336
9529 32169
18767 35979
30312 16681
34731 8120
15349 43292
479 14924
14981 7142
21938 11400
2203 5177
5043 10523
21513 37187
44589 28624
24393 21381
23921 13111
14042 22634
22678 9816
5456 17956
15868 4068
7488 18064
14177 7509
13855 26348
12071 7676
37010 58353
18624 5102
40951 7491
31395 45749
18969 9574
42331 22723
12675 26603
11019 1211
35343 12830
19565 6507
14441 25778
851 30328
26826 23478
20431 17417
6085 25681
23505 26431
54650 51518
6517 27851
39658 46351
17780 30116
522 15750
41026 14168
48688 50739
3382 24098
119 30459
16698 15211
10839 2839
1777 46307
8721 22074
14689 26225
65842 32326
14240 8663
1517 25022
38155 10223
13510 7016
13003 36738
26206 29791
50251 25091
9379 11904
18611 9752
30467 34812
5301 9743
18964 19052
536 49654
41309 45438
23186 23292
10295 11971
13057 4601
11104 20474
40069 5020
11051 21669
32374 45671
7119 7816
12484 4398
28357 17579
26131 32421
38589 20380
2937 18097
2776 18662
17731 9334
23133 46281
21995 6418
4834 24824
1014 26165
7501 3614
7090 18026
27010 3128
4534 16482
3501 17909
38869 27823
7624 18565
928 6564
2928 21742
15725 11371
33077 6884
11723 19111
27348 3944
30295 29460
4723 21899
23012 1553
41650 30786
12423 8756
43193 18656
5643 23995
17745 19244
5959 6595
655 9546
40173 27080
25652 6544
7176 1403
5729 24822
51855 51155
26347 1871
51776 38441
18954 20749
31699 19238
35347 6634
12380 28596
14397 34405
10988 34145
201 217
57211 36530
17768 28781
22371 25092
40825 9152
16123 29337
16790 3239
7113 33632
4273 6349
13556 17676
18993 11760
46691 30982
14947 31690
3471 18057
455 15291
32618 3482
46830 7253
35589 26616
854 34113
5927 23283
25374 20657
13454 16021
38335 39574
43408 17335
29149 12768
59166 18096
41275 27405
17615 16592
36969 38353
673 17482
36258 32108
17359 15398
3325 16974
4302 22735
6589 2239
18518 10592
22972 8081
35214 9444
25280 12062
10783 6718
16027 37812
16675 36958
15215 26866
34137 5806
754 34934
4232 11425
8467 56584
1135 9203
1986 4239
27431 6538
3534 23605
34291 15344
3732 41499
25097 11370
7260 26185
25296 4255
8554 9134
17130 21637
22100 30240
3826 9907
13706 6209
13872 11083
3229 6440
10857 8836
59703 45276
10119 27478
13176 16753
12412 31655
10930 24399
29368 19222
12799 1018
8695 5885
14901 40170
6798 32052
17980 3494
15874 26265
11534 18869
21859 23720
28532 44942
36761 1309
12982 42799
9968 10459
5296 10188
16925 22303
19211 26213
5260 12265
25189 27
17608 26299
18769 529
17038 38823
43037 5763
4630 6126
31504 2932
12245 12758
43270 11691
26893 3195
34176 34527
17292 1908
11217 41974
13410 3362
21918 19928
7369 17674
12110 18124
43967 20337
31254 2980
20351 2361
2746 16963
955 26947
28131 18720
1508 18890
17378 54267
22970 11695
14055 39114
166 56069
14832 5831
45444 17247
17535 2837
33064 7840
34348 11772
26766 226
38963 20563
1250 28984
23197 13971
17659 24453
58846 4692
25225 2301
33452 31508
14579 828
17196 5193
31155 9993
14491 25157
9169 3215
18323 10480
24686 17276
565 8654
30692 31029
20127 38339
3869 10971
46843 11557
5247 12650
35594 20391
4407 20716
20050 12846
11401 10124
18012 7129
39968 12616
17458 12528
22297 13109
31499 2428
33293 13029
46431 13941
10792 32526
37069 9281
20202 6818
25590 38457
16108 29380
22568 7414
29474 13849
9210 7134
25738 16163
9638 8158
16427 12269
14345 26743
1100 19768
7675 14279
23367 56068
39922 3522
16251 39107
51531 8479
9933 13420
68496 214
15315 22397
14208 13436
8045 23381
13808 31001
14695 16518
38490 13363
11316 11871
41237 10580
32054 48941
8965 26581
22393 25467
26381 10417
10148 14446
46247 4700
6764 7776
42136 1377
4507 9264
4250 21905
20327 27618
30026 24301
2360 16932
42301 15098
6567 8838
40763 28322
15783 391
29621 34305
10099 43238
2038 31752
18369 5183
30002 19903
28072 24384
26004 2370
9611 55528
38371 15713
12487 28125
36146 25138
25115 3320
15381 20045
6323 18863
46799 23332
3557 30307
9197 23086
38635 26137
6946 14518
32812 18343
20138 58455
18568 26179
10751 36728
11746 60770
36726 10912
42244 7306
3004 5728
44157 21186
5684 51360
20901 10502
36276 36266
1433 42755
10747 12529
5600 34414
6805 4881
14913 12014
17095 2618
27301 2261
6719 11342
17265 33073
11878 16515
21079 10832
54165 27896
8571 11062
11229 28959
469 6334
14879 9942
44551 9609
11635 17511
13867 19501
8393 23059
12 4143
16888 5986
26623 29199
19117 41309
23478 6250
25483 21425
51595 22695
7716 1888
17853 30516
2906 31543
24988 9754
28947 3707
5519 30226
1179 31047
13751 19582
1651 14608
10684 29120
413 3660
10265 41922
35363 27429
10810 2872
10021 22953
18406 9505
2915 9061
4011 9672
21721 15825
34489 6367
55840 49218
11815 3174
11417 7470
24857 5350
3634 13580
15647 51868
8085 33064
27913 438
32278 7853
13845 9534
3978 31708
57657 294
6579 16217
25572 25949
18735 6329
15448 5543
11612 30280
12534 62468
3768 3853
9853 45188
19421 38125
4355 20857
11338 23828
20990 13861
37192 17566
53616 7267
1316 19660
15685 31232
18824 32234
21230 50400
13962 9181
4805 39494
10256 9508
12287 12984
27989 13885
16639 20662
28915 27055
20066 2037
2741 6075
26995 13074
974 18403
14741 20293
1817 5048
6109 6842
32103 24465
59342 2912
11278 13514
7706 8248
9416 33148
14001 5307
11662 4554
26328 51965
5199 16307
10535 9380
12429 19525
1720 29889
2692 34717
5289 23643
14127 29041
5401 3050
8778 7891
20626 22818
11808 11882
29231 11948
5564 5482
474 31068
829 19272
13084 15968
14682 8032
29089 39615
26140 8391
21226 17957
26203 19090
2210 25601
38094 16526
37670 30856
11545 20260
47481 43260
11516 2866
19512 39816
17502 19681
6204 537
9054 14375
32479 30181
9779 2394
4360 39577
49558 46253
34071 39682
33327 18908
4970 51517
23285 20493
10260 1362
9592 29811
10917 20336
15966 6757
22943 3643
16334 23740
3882 21414
12812 14796
47749 30277
22670 1891
4103 10683
544 12069
20058 15118
31100 3673
29359 35771
22314 3923
32608 16335
28204 27171
27987 10348
274 1930
15549 15111
19465 8956
17554 433
5783 5855
9624 44172
8898 34358
20927 21221
41102 4310
72022 2831
4221 30653
7293 7622
19065 11936
1595 732
20764 10380
18831 19237
8293 15761
10335 40638
19233 3181
29526 2339
1321 4037
6321 27847
4208 22494
9482 37248
33497 32479
28579 11131
9514 13256
21306 6978
46680 2423
4238 15850
16157 1471
3969 21572
9628 27843
4523 16828
5821 31288
7540 1643
33393 18733
10718 3163
32533 43347
19194 7658
10275 18366
38106 11987
10421 3857
16537 6951
15409 1093
5033 18984
13288 3253
15987 31393
27465 83
19880 5825
4841 21003
9287 25137
1619 23497
23006 71638
11614 26445
59810 1479
13443 18811
34269 25645
6221 32759
18798 23247
10920 27037
1744 37871
40665 14085
6459 31046
750 29677
35948 14426
14140 10072
34292 17094
8794 44810
36545 8615
30077 30310
2484 13785
13747 22515
970 15428
17097 8309
7726 2597
11297 6314
123 6678
5261 1408
30981 14709
7496 60615
17457 5554
40623 52930
7645 18154
2749 1588
31894 18009
26467 23983
38081 41812
22438 562
27370 12817
391 21087
51710 16840
21203 45073
1596 40915
22813 26003
3141 41
13753 10918
11704 7078
18657 7997
23544 25076
32518 21564
30181 30815
32191 30275
21756 41703
34642 2333
33733 11115
12501 8746
21419 27165
46772 30719
28398 4379
45983 27336
29551 40374
6224 63040
21000 26911
11986 35805
28557 45344
14008 22900
2688 5670
26856 6288
28881 8962
25856 23633
34242 15262
8176 25628
27264 6383
25870 24460
6019 6636
3087 1617
13725 12915
437 39616
17579 506
8458 1767
48672 843
9678 26415
13894 65700
32798 5856
1474 31551
4812 4946
13087 20312
5503 1423
16624 47052
6368 46561
20284 14944
8352 8690
21855 5503
14092 4778
14952 18106
39482 7635
11981 1791
14778 34225
9142 1452
33420 42899
17284 48583
48350 20208
19450 33354
12119 4448
15292 46133
43232 1544
16887 4191
17706 2322
35634 5958
18967 42252
57800 57748
5896 26500
38812 1838
5762 13032
20051 3315
40248 30004
4760 15691
2463 22230
17403 10615
17187 11689
26708 39143
22753 27917
20259 12908
41949 29290
20115 35005
25463 13152
18194 10576
14664 17313
10389 34261
61535 11106
10053 13894
9743 8769
3240 22351
1411 1315
12078 25902
18299 5637
10113 8445
13652 22506
16819 715
15464 4344
3724 24456
5155 35631
10499 38076
27601 18538
59389 15674
30235 39163
36936 2005
8020 15108
23799 3443
11504 6368
18258 27886
53290 31711
28423 5406
3111 38252
3224 30051
11624 8057
7861 11647
1127 28215
10757 46922
40746 2464
1473 14145
1265 22601
5685 67493
39420 10536
3811 3360
7082 12992
19546 31692
16573 12719
3529 26161
2333 45161
41795 14522
16937 46216
29447 19377
5364 44362
13311 4935
44744 13586
87 1866
23956 14349
8047 5365
19102 9357
18708 28255
12446 6137
30588 31006
12578 6615
21910 10493
29127 19783
5596 22607
12765 9975
43944 13779
38571 27797
11906 6539
27280 2348
6380 4364
13411 43212
9816 16343
27954 5729
22183 9636
20297 26027
11722 16388
41109 20318
9730 4156
21429 8620
47794 35796
8000 9308
35943 13340
1274 3136
41282 22734
29464 7656
14660 34440
44640 42541
19310 3353
9342 11411
49059 43067
11776 42047
8163 4458
61077 23672
23018 13740
24800 300
45240 44434
4288 8522
60748 30308
7314 3679
16769 24833
2061 10998
12315 4335
37487 8828
30934 8545
6160 41182
1122 28961
23958 29066
13460 9717
2786 8851
9571 91
9428 14658
46760 4712
16458 14886
16145 8297
19654 28652
9909 38173
6967 46518
6225 23177
32544 11361
933 2468
12556 30370
22586 28289
14595 15362
16992 1242
32127 26593
9737 1680
19718 958
884 17987
8100 2856
33581 12442
22358 63995
2005 34362
45997 34200
28886 15511
20228 17238
27632 19191
26123 1792
15102 2563
19607 7151
53387 18515
37073 7538
30700 24580
26966 6552
13358 13435
23889 10549
1760 32289
5313 814
17578 9714
13831 21119
40924 8078
37783 13528
16471 26893
35868 42834
19294 22057
20848 14882
8556 34694
10714 3292
7662 22997
33671 25640
14483 4270
3035 33304
2552 18826
20548 11919
22718 52707
8725 945
5187 6401
12650 21105
47990 2719
32660 16542
11317 20220
44206 36370
33676 26597
26483 8771
12460 19124
13158 20805
31312 6849
25199 40871
27325 7535
6348 14265
18414 17416
12264 28416
9608 51062
9092 9783
46216 47192
27002 836
33686 36158
46907 3490
23950 30973
4960 11070
26471 22516
11705 20924
5682 8018
23177 18753
9484 9377
31866 2854
14759 35364
27654 31415
56503 9538
5008 25494
26329 3867
36861 19985
13948 27783
5734 1549
24802 14800
2096 19870
31000 29734
7595 7943
3530 36367
12974 27121
48408 16319
1294 16960
32221 9126
53700 525
6972 57099
21706 16136
21148 31229
13017 17162
25829 11486
11574 33451
16841 16957
17376 341
13996 9977
11606 5881
4786 34715
25196 12922
33945 32772
3366 17408
29643 13490
33214 2755
38780 13755
53564 7835
6702 1186
10386 23326
22775 12546
37625 9073
8716 5509
37162 5957
40419 27596
38291 3844
27928 34084
17898 11786
22828 50183
8609 13430
8310 5022
4989 68351
8748 15859
29850 12669
6060 9969
6158 25229
37620 31159
25631 55362
24741 2741
26654 3574
35138 28582
3059 4048
22691 30222
15514 11804
12402 21490
5383 49678
13315 26261
12720 12793
18982 21855
16799 6346
18520 34864
14015 27123
9971 11134
60741 35588
45956 25862
8482 5661
12015 36825
50116 32670
1503 30242
27267 7247
10341 9469
24728 31649
6045 14603
36139 56811
7885 19118
4836 45186
26097 17231
28426 4977
31160 18133
5584 13236
21378 48944
14967 24596
15306 15426
20630 35097
32541 4304
10504 4065
23455 24282
4429 34012
10597 10120
10427 2362
24676 33830
6098 15255
12468 15687
26350 4654
1369 5939
1848 34117
39670 37488
7924 2961
5773 43184
10652 33806
38678 18682
5414 11184
11379 11855
15006 17932
5683 11337
17910 34354
1840 14913
12226 17553
9764 18843
25822 47127
2255 50011
28895 24174
19460 508
2166 11159
17159 1194
531 55129
16772 27894
39174 10255
7691 33963
17899 11344
18699 9691
47510 11848
2222 6911
130 37850
18378 1676
9074 7277
8268 8765
54277 61749
39847 27475
21835 46218
51933 4447
23216 15326
41013 5452
38541 39111
10368 10445
4674 5784
32765 12595
37804 33986
25993 45126
24374 28529
15472 31654
35744 7405
47562 42450
7735 30846
12558 21566
14516 18776
45488 16049
15984 38488
7528 13723
5666 20021
11810 23319
18413 31800
48828 28054
13951 15908
16310 11801
43357 35968
42756 24120
18596 13233
17929 6758
23400 14736
26470 26116
10690 22162
738 30930
33913 57954
6829 25639
22282 23760
10125 10157
10361 24971
5500 19476
10703 19156
15009 20007
25419 42674
11754 30594
39027 25198
30316 1778
5894 18394
5903 11741
5642 65967
38250 11472
5661 18159
27889 24788
27032 8395
12880 49241
21030 5415
27153 26370
18127 13293
10711 26606
29831 33714
27070 39100
52848 3822
28659 3171
26977 13988
35926 10961
16105 6877
31313 5199
7970 10475
11430 102
40282 9209
1636 27933
20042 14991
3837 8082
50104 6716
25524 21312
9625 24574
643 18970
16265 18884
26691 12498
167 7602
16966 23567
14402 43565
7035 39774
28081 87
3916 21700
1791 21350
163 18031
49997 14902
