14508 2800
12266 8295
2337 11545
600 12229
14355 5764
2213 11224
7678 2288
15947 1445
13180 7997
6751 15542
14461 13333
5227 1334
3153 8897
5830 15742
2008 6119
6735 14391
3223 8068
10110 4750
8130 12182
12728 12731
4503 14366
12929 14657
10562 2122
6589 3277
12809 11599
13130 12471
13315 595
6047 9403
14822 2272
15708 7480
13345 5497
8389 681
6912 2353
10449 13123
5477 986
12519 4456
16143 9929
11212 0
6778 14700
11160 2867
668 493
0 4616
15886 14755
13619 9385
1163 5025
10133 5830
4261 8262
3281 4436
15159 3157
11531 9949
6081 15671
11309 4721
10542 10460
12747 12647
12258 1765
7852 13357
9764 10547
13292 3162
5146 7979
3269 4862
118 2012
14409 654
4338 13177
13372 8618
955 7876
397 5750
9826 3742
9598 1437
9849 8186
12770 2756
5697 937
11495 7153
2 1014
7047 9215
7422 10323
2432 1824
8578 12972
4207 13518
12578 6383
13237 7848
11377 11000
7324 7844
10678 4555
4114 5810
16059 5017
14411 12652
6091 11004
10466 10936
5621 4409
9289 13185
12277 2373
1079 9480
6441 2494
4923 10703
15111 12922
1698 13894
6571 12030
4990 9798
13164 2211
16088 7400
